5, 6, 9
7, 10, 12
13, 14, 16
17, 19, 21
18, 20, 23
22, 24, 26
24, 26, 29
26, 29, 31
27, 30, 32
29, 31, 33
31, 33, 35
33, 35, 38
34, 37, 40
35, 38, 41
36, 39, 42
37, 40, 43
39, 42, 44
40, 43, 45
42, 44, 47
43, 45, 48
45, 48, 50
46, 49, 51
52, 55, 58
53, 56, 59
54, 57, 60
61, 63, 64
63, 64, 67
64, 67, 70
67, 70, 71
70, 71, 73
71, 73, 76
77, 78, 80
89, 91, 94
90, 93, 95
91, 94, 96
93, 95, 98
95, 98, 100
106, 108, 110
125, 126, 128
127, 129, 131
129, 131, 133
130, 132, 134
131, 133, 136
132, 134, 137
134, 137, 139
135, 138, 140
137, 139, 142
145, 148, 149
148, 149, 152
150, 153, 155
151, 154, 156
158, 161, 162
163, 165, 167
164, 166, 168
165, 167, 170
166, 168, 171
167, 170, 172
168, 171, 173
171, 173, 175
173, 175, 177
178, 180, 181
180, 181, 182
181, 182, 185
182, 185, 188
184, 187, 189
185, 188, 190
187, 189, 192
188, 190, 193
189, 192, 195
190, 193, 196
191, 194, 197
192, 195, 198
193, 196, 199
196, 199, 200
206, 207, 209
207, 209, 210
209, 210, 213
210, 213, 215
212, 214, 217
213, 215, 218
214, 217, 220
215, 218, 221
218, 221, 222
221, 222, 224
222, 224, 227
223, 226, 229
225, 228, 230
226, 229, 231
229, 231, 233
231, 233, 235
232, 234, 236
233, 235, 238
237, 239, 241
239, 241, 244
240, 243, 246
241, 244, 247
243, 246, 248
244, 247, 249
247, 249, 251
249, 251, 254
250, 252, 255
251, 254, 256
252, 255, 257
258, 259, 261
259, 261, 263
264, 266, 269
265, 268, 270
266, 269, 271
272, 274, 277
273, 276, 279
275, 278, 280
276, 279, 281
278, 280, 283
279, 281, 284
281, 284, 285
284, 285, 288
285, 288, 291
286, 289, 292
288, 291, 293
305, 308, 310
307, 309, 312
308, 310, 313
310, 313, 315
313, 315, 316
315, 316, 319
317, 320, 321
322, 324, 326
324, 326, 329
325, 328, 331
326, 329, 332
327, 330, 333
329, 332, 334
330, 333, 335
336, 337, 338
337, 338, 341
338, 341, 342
344, 345, 347
345, 347, 350
346, 349, 351
347, 350, 352
350, 352, 353
352, 353, 356
353, 356, 358
355, 357, 360
356, 358, 361
358, 361, 363
361, 363, 365
364, 367, 368
369, 371, 374
371, 374, 376
378, 380, 382
380, 382, 384
382, 384, 386
387, 388, 389
388, 389, 391
389, 391, 393
391, 393, 395
393, 395, 398
395, 398, 400
396, 399, 401
398, 400, 402
399, 401, 403
400, 402, 405
401, 403, 406
402, 405, 408
403, 406, 409
404, 407, 410
407, 410, 411
410, 411, 414
411, 414, 416
413, 415, 417
414, 416, 418
416, 418, 419
418, 419, 422
419, 422, 424
420, 423, 425
422, 424, 427
429, 430, 433
431, 434, 436
432, 435, 437
434, 436, 438
436, 438, 440
438, 440, 442
439, 441, 444
440, 442, 445
442, 445, 447
445, 447, 449
447, 449, 451
449, 451, 454
450, 452, 455
457, 460, 461
462, 463, 464
463, 464, 467
464, 467, 469
465, 468, 470
467, 469, 472
468, 470, 473
469, 472, 475
470, 473, 476
472, 475, 477
473, 476, 478
475, 477, 479
477, 479, 480
481, 482, 484
482, 484, 486
484, 486, 489
485, 488, 491
486, 489, 492
488, 491, 493
489, 492, 494
495, 496, 499
501, 502, 504
506, 508, 511
507, 510, 513
508, 511, 514
509, 512, 515
510, 513, 516
511, 514, 517
513, 516, 518
514, 517, 519
517, 519, 520
519, 520, 522
521, 523, 525
524, 526, 528
526, 528, 530
529, 532, 534
535, 537, 540
536, 539, 542
537, 540, 543
538, 541, 544
539, 542, 545
540, 543, 546
541, 544, 547
542, 545, 548
543, 546, 549
544, 547, 550
545, 548, 551
546, 549, 552
547, 550, 553
548, 551, 554
551, 554, 555
554, 555, 557
555, 557, 560
563, 565, 568
564, 566, 569
565, 568, 571
566, 569, 572
567, 570, 573
568, 571, 574
570, 573, 575
571, 574, 576
573, 575, 578
584, 587, 590
585, 588, 591
587, 590, 592
588, 591, 593
590, 592, 594
592, 594, 596
601, 603, 606
602, 604, 607
603, 606, 609
604, 607, 610
605, 608, 611
606, 609, 612
607, 610, 613
609, 612, 614
610, 613, 615
612, 614, 616
617, 619, 622
618, 621, 624
619, 622, 625
621, 624, 626
622, 625, 627
624, 626, 629
625, 627, 630
626, 629, 632
628, 631, 633
629, 632, 634
636, 638, 640
638, 640, 642
639, 641, 643
640, 642, 645
644, 646, 648
649, 651, 653
652, 654, 655
654, 655, 656
657, 659, 660
662, 663, 666
663, 666, 669
665, 668, 670
666, 669, 671
669, 671, 673
671, 673, 676
672, 674, 677
673, 676, 678
674, 677, 679
676, 678, 681
678, 681, 683
680, 682, 684
681, 683, 685
682, 684, 686
683, 685, 687
684, 686, 689
685, 687, 690
686, 689, 692
687, 690, 693
688, 691, 694
689, 692, 695
690, 693, 696
691, 694, 697
693, 696, 698
694, 697, 699
705, 706, 708
709, 711, 714
710, 713, 716
711, 714, 717
714, 717, 718
721, 722, 724
722, 724, 727
724, 727, 729
725, 728, 730
732, 734, 737
733, 736, 739
734, 737, 740
735, 738, 741
736, 739, 742
737, 740, 743
739, 742, 744
742, 744, 746
745, 748, 750
747, 749, 752
749, 752, 754
755, 756, 759
756, 759, 761
758, 760, 763
759, 761, 764
760, 763, 765
761, 764, 766
763, 765, 768
765, 768, 769
768, 769, 770
769, 770, 772
775, 778, 779
778, 779, 781
779, 781, 784
780, 783, 786
781, 784, 787
782, 785, 788
785, 788, 789
788, 789, 792
789, 792, 794
790, 793, 795
792, 794, 797
796, 798, 799
798, 799, 802
804, 806, 808
805, 807, 810
807, 810, 811
810, 811, 814
811, 814, 815
814, 815, 817
815, 817, 820
816, 819, 822
817, 820, 823
820, 823, 824
826, 829, 832
828, 831, 833
829, 832, 834
831, 833, 836
833, 836, 837
836, 837, 840
837, 840, 842
839, 841, 844
840, 842, 845
842, 845, 846
845, 846, 848
857, 860, 862
859, 861, 864
860, 862, 865
869, 870, 873
871, 874, 876
878, 881, 884
881, 884, 885
884, 885, 888
887, 889, 891
889, 891, 893
895, 897, 899
896, 898, 900
898, 900, 902
900, 902, 905
901, 903, 906
908, 910, 911
910, 911, 913
912, 915, 917
914, 916, 919
915, 917, 920
916, 919, 922
918, 921, 923
919, 922, 924
921, 923, 926
922, 924, 927
923, 926, 929
926, 929, 930
929, 930, 933
930, 933, 936
933, 936, 937
936, 937, 940
939, 942, 943
942, 943, 946
943, 946, 948
944, 947, 949
954, 955, 957
955, 957, 960
956, 959, 962
957, 960, 963
958, 961, 964
960, 963, 965
961, 964, 966
964, 966, 968
966, 968, 970
967, 969, 971
969, 971, 973
971, 973, 976
972, 974, 977
974, 977, 979
977, 979, 980
981, 982, 983
982, 983, 986
985, 988, 989
988, 989, 991
989, 991, 994
993, 995, 997
432
