620
8902 6730
3730 4167
4367 5755
2216 5792
6159 4558
8370 5342
8539 4876
7632 9079
2944 9278
8190 2275
2888 4035
8265 6190
8047 6696
2459 5091
5135 6377
6897 9993
7612 2286
9570 5883
2332 9511
9695 5174
5223 8802
4453 3504
2745 7911
1835 5418
7502 1782
1669 5456
5069 9647
4240 3103
4509 4646
5036 9432
4518 8437
5261 4613
5507 6273
9554 4046
9400 5652
1935 5459
2799 2422
8136 8793
7115 5109
9544 6763
1968 4049
1616 7303
8031 2464
5993 5839
3371 5463
3003 8134
6792 2427
9948 7556
6273 4524
2989 3759
5455 1750
2922 4598
9297 3838
4805 9628
3104 9534
7400 7735
9338 7300
7145 7686
5739 1500
6856 4854
1924 8814
1844 5521
2870 3639
9622 8569
9018 9329
5177 8072
5816 2140
4883 9170
5468 4457
1896 5364
2393 8045
6937 2583
4723 9478
2746 2109
5745 4023
2944 9140
9122 9936
2044 2402
3451 7071
9476 8713
1582 6160
6017 3449
7970 8298
8999 5929
3490 6594
6076 8571
7874 6557
9101 8541
3495 9650
2545 8507
2523 7116
4131 3792
6791 5710
1746 4449
2235 9954
1705 3187
7687 9490
4727 6506
8223 6281
1838 6467
2423 3421
4772 4585
3287 4727
9387 8643
3830 2036
9602 5987
6883 8745
9258 5226
2187 7139
9283 9518
9904 9422
6940 6610
7232 3756
5770 6792
4295 9510
7102 2776
9643 6971
8553 6934
9183 9287
7788 4458
7654 2768
8048 5531
4090 7244
9017 2454
7065 4771
6396 4243
3951 4236
9138 6405
5821 2855
9996 1795
3379 8097
2619 7129
4988 3142
4135 2124
7151 4039
1916 9478
8386 7461
4899 9427
8825 6135
3952 5231
8433 8625
4552 5298
6783 1577
1509 5599
4765 7773
3273 8295
7007 6650
5543 2810
8147 6360
4179 9837
7531 3729
3012 4277
7773 8162
8968 2268
3782 2263
7466 5755
2652 5523
5094 6153
4891 7498
6297 8033
9436 8832
1611 3075
2332 6278
6784 3032
9411 8749
5640 6696
2460 1586
5270 7858
3177 5066
9037 9156
2839 8523
8979 6494
2283 3058
9913 2272
5894 4339
8823 4933
3628 5710
5706 1757
8041 8302
9028 6930
9712 3550
8524 3978
5705 9472
6834 3952
7531 9427
6994 2655
1703 4140
1777 8515
8232 4738
2209 7750
5908 6222
2479 2891
2498 9122
1705 8864
8817 7526
3677 9947
5949 3927
9637 3953
3923 6779
3088 7817
9868 5862
9898 5820
5194 9785
6347 7823
5262 1993
6005 4821
9463 7749
2181 3090
2525 5260
7569 3045
9903 9031
2949 8828
5528 8851
8976 7432
2911 8573
9930 5892
3909 8323
1975 1862
8272 2791
5524 3081
2221 6298
6538 3537
6756 1546
7572 5925
2505 1983
8211 7592
2995 7985
5312 7101
1567 8033
7470 1930
9526 7601
7656 4425
5768 3031
7924 7196
3249 5274
2137 6519
5138 3318
4083 8411
4743 5083
5571 2350
4942 8206
4516 6099
9197 3328
2397 7203
6016 8085
5641 6923
3702 2388
8318 7891
9429 6281
2385 2859
9472 1501
7317 5590
5667 4429
6605 6698
6230 5931
7317 6750
4476 9306
8923 9489
4341 9404
1885 9998
5067 4152
2549 4745
2153 7610
6805 9433
7296 8313
7673 4601
3907 8417
4463 2851
5938 2096
8995 5256
6990 7309
4064 8553
2506 8534
8677 5381
5619 6348
7384 8139
4330 4535
4747 2059
1720 7944
3329 6037
2470 8617
3560 8788
3187 8045
9632 7162
6277 5959
1808 4044
2506 8697
8435 6257
4732 3532
4131 7689
9035 3096
8314 2691
6489 7206
8786 7988
8281 7849
8384 6437
5347 8103
5761 7087
9312 9656
4018 7206
7405 5561
4643 2343
9479 6788
7280 8972
5547 7260
6643 8561
3997 7598
3840 5223
2723 9766
6819 8093
7970 3023
5226 8629
2941 6628
9991 5285
5430 3136
7621 2699
8813 4652
7813 7979
8991 9401
7178 5107
1607 4466
1606 4471
4302 9615
7957 8911
8471 3797
9989 7451
1685 6537
8590 1769
9960 5274
5213 5331
1708 3642
8180 2798
3741 9405
8163 3268
3616 4065
2213 2219
8215 6409
6283 3172
5410 9993
2667 9550
9495 9613
9302 3938
8979 6834
4425 2199
8476 9426
3323 4580
6865 7701
5826 1585
4494 4581
9907 2865
2616 1867
8125 3786
3706 9909
8192 1902
2449 5472
1915 4628
4678 1813
2677 6828
6733 8805
2432 5848
9327 6635
9411 6150
5917 9481
9192 2428
6950 7841
5251 6954
6839 8551
8944 2846
7704 3876
9982 7291
5401 9101
9459 8312
5240 6884
3835 4774
4882 8949
3082 7660
2378 6654
5612 9195
3607 6682
4574 9217
9700 5766
2237 8928
4971 6692
8553 9330
4015 2509
1503 9287
7220 1772
5177 2966
8748 9512
3805 8970
6817 1741
7578 5473
3584 3689
8832 7013
8859 7213
8722 6744
8441 1553
8471 8696
2881 4763
8268 5308
6850 6613
7855 4087
7860 6045
8723 9538
6575 3301
5763 9058
7984 4310
9901 1803
8089 4919
2151 9305
4629 3581
2765 9826
9730 4597
4496 5068
9897 3005
2356 7018
7813 9856
9414 3228
4283 3857
8538 5970
4753 7816
3502 4977
4246 2824
9189 2773
8597 3814
8557 6190
6552 7130
7678 8901
2900 7283
5982 3854
1580 7938
5481 3528
9246 7001
1758 6614
8399 6155
7364 2271
2150 2661
5435 5940
6367 6813
6236 4580
9895 3433
5687 2492
3770 1991
4840 2693
9744 5025
7735 4148
3403 8571
3258 1695
3008 5720
8658 7156
9577 4924
7621 4612
5692 4470
8923 2530
6165 7957
5889 3501
5721 8582
6896 3649
9852 7133
9602 1999
3258 7855
5854 7789
9089 1648
1952 3779
6658 2331
3982 6248
7470 9317
7861 9098
5972 3093
3313 4160
8081 6094
8776 9474
4629 2026
4763 6584
8195 5283
5233 8165
5962 7225
5953 6744
3843 1550
8186 9758
6702 6571
6324 1783
4015 6395
5463 2005
3529 5944
3125 9267
4363 6463
8505 2542
8362 9022
5600 3540
4796 5304
6397 2505
5330 8137
2218 2272
7848 7679
2674 6686
7427 2274
9591 5392
1689 5794
5355 9521
7734 6614
6302 1780
1824 3036
5113 9429
3818 3888
9632 2389
6795 5904
5178 6721
1797 9927
2495 4432
9900 4035
9487 5513
2164 2101
9362 9165
8895 9441
3541 3737
6998 2339
6803 2753
2359 7904
2184 2362
9906 2151
7004 2091
8251 3050
5545 4371
9900 6526
6539 9070
9979 6470
9535 6321
2386 5914
1866 2427
9866 9639
2618 8211
7259 8446
5588 7630
7130 5047
4911 8294
4972 8491
2052 2416
5099 2082
8845 3551
6106 7149
9721 3942
2459 7928
8561 5775
9909 3591
3881 2905
4202 9652
3748 8478
9382 9904
8310 3052
4135 7734
5539 6925
3913 5677
6710 6049
7216 6259
5679 2587
6743 9422
7202 5050
2548 5560
1940 2072
4720 8837
7167 3724
7741 2616
4501 6028
7039 5037
8310 4501
4478 9558
9572 4287
8984 8252
6481 5479
7544 4950
3091 2298
7048 2641
7190 3384
9434 6022
6179 2676
9052 3807
9219 4125
4926 6977
7967 6479
4002 1974
2308 4548
9228 4199
6956 6223
3843 4605
1783 2548
6057 2153
2500 6304
2390 7207
7788 5245
5729 7887
6385 6845
3625 2503
4685 5213
8553 5115
7921 9776
5959 6921
8902 9347
3188 7470
2140 8190
1612 7405
2160 8261
6922 5721
2753 5477
2901 7713
3945 4944
8261 3795
2265 7839
8227 3089
4967 9169
1811 3723
7569 9219
4438 8634
4878 9425
5049 2192
6549 1642
4582 3780
5035 4275
7790 5558
4092 3995
