908
3953 4031
8992 5101
7839 7129
8023 5474
4802 1513
1558 2014
4967 5067
1838 7521
9578 6123
8770 7712
3873 4304
3411 7778
7380 8851
3566 6213
1736 6796
3800 7023
3032 1979
4322 6566
2780 4925
2133 4521
8703 4964
6740 7949
7485 3294
2495 8691
5686 7184
7700 8021
5856 5520
5358 2083
8096 1606
9984 8901
6164 8433
7956 7717
3709 9253
7061 2468
8350 3306
9520 6468
7469 1827
6716 5059
2501 9406
4084 4620
1800 6220
1793 4209
5847 1722
7309 1916
5937 4623
2698 9315
8668 6222
2911 6393
2852 9375
6551 2032
6045 3879
3492 6074
8096 9180
6516 6837
9988 6502
6967 2404
4404 3728
4960 2560
5993 7523
3980 5868
1662 3521
4558 4719
5859 1902
1883 8190
7622 5337
9895 7898
8801 9374
9011 6271
6007 3031
8466 4496
2506 9520
8028 9589
3285 7463
2459 8586
2326 9723
7659 7655
7466 8730
4258 2100
3588 5103
7123 7610
9916 9758
5588 9776
4237 2813
5184 3620
6332 2402
2718 4269
3131 9176
4221 5475
8291 5267
4623 8840
3641 3035
6666 9615
2070 9488
7299 8560
4049 6568
1782 1976
7241 8915
3401 8751
3213 6010
3399 7342
2152 4391
3041 9385
4968 2112
5749 3842
5346 5780
9499 5900
3664 7282
4962 3304
5711 1745
9565 5840
5945 6239
3660 7886
8344 8490
5164 3604
7104 9805
8707 3467
8779 5036
2651 9086
8138 8608
4499 5072
7040 4934
9194 8446
9506 9809
5019 7454
6397 7475
4644 6610
9159 1505
2497 1710
9494 3079
7821 8109
5344 5593
5263 1757
6313 6611
4968 5432
6562 6354
6684 6092
4561 2120
6495 7129
7820 8962
7135 9470
3794 2844
6823 6891
9152 6460
6806 3363
4556 4870
9112 2080
9159 2771
9290 3764
9780 3664
9901 3770
2185 6217
3622 2909
3603 7428
1687 1908
5981 9627
4780 9887
4633 3299
5158 3792
2635 3405
2087 9703
8795 8348
8399 2983
9983 5925
3726 6648
2294 2677
7954 3486
9832 4486
1988 3996
1507 6289
9244 8564
1528 6686
8455 5753
8083 7704
9532 7495
8399 2274
5808 8947
6556 8102
7579 2823
8726 2600
7702 9188
7274 1696
7669 7713
8834 2990
2397 9320
4805 8376
8270 9101
9060 7336
9489 9092
7065 1564
8079 2085
2455 4318
6827 8079
1809 7893
3636 6264
1570 9634
5084 7609
1738 6200
9341 5035
4971 4711
5834 4591
5959 6207
6542 1994
9487 7061
6676 9062
2519 1889
7222 9391
9732 3763
7047 3464
6505 4330
9778 8270
8756 5714
8681 1545
2466 2409
1677 6083
7991 7360
2650 2069
2915 2248
8357 7094
6373 3668
7661 4679
7249 8185
5563 9301
2337 7457
5706 7746
8063 3482
8938 4787
4852 6131
5700 4019
9592 5487
1639 9344
7735 1754
6919 4514
5152 4669
5806 3835
9499 8982
6765 6299
5653 3817
9198 3992
3106 8725
2927 6447
5795 6870
1869 3165
6449 9458
3742 6655
4426 5770
9582 4054
2514 6329
8910 1836
8468 6304
9677 2705
5239 7683
3117 7031
8306 5952
8897 7762
4332 4096
9696 7498
3774 5651
3545 9564
8625 6945
7558 2739
6881 3568
8144 2225
3195 6795
3132 7545
5736 7015
6071 3470
6376 6809
5102 8536
7873 5509
7923 5860
8985 5326
4801 8455
5065 6783
9998 7668
9968 3837
8919 9546
4188 7254
2181 5094
2965 6439
9728 8813
3672 4425
4537 3621
9683 6611
3788 9819
2130 2861
7913 8473
9288 6480
3712 7161
6113 4947
4958 2704
9128 1715
6218 9193
3395 2827
8497 4051
6753 6390
3512 8398
5998 7844
5626 1732
8758 4623
1785 9934
7653 2388
3091 7193
7115 8886
2584 8594
6397 6519
3386 2319
7174 8367
1676 6023
4862 5780
9213 5818
5208 5393
2334 1807
7709 8312
3963 8051
6741 6215
8008 1778
3027 9454
9547 3958
4572 8850
1646 3006
2583 6256
7259 2154
6659 4856
4433 8779
5198 9244
6127 2981
9554 8454
8292 8223
3577 9856
6741 6193
5371 3167
2612 7131
5527 9923
2178 8758
5222 5025
3323 8793
8777 4366
4660 8967
1744 3923
2877 6073
9610 3456
9781 4313
7033 2284
8168 6837
3892 7573
9914 2437
4176 7418
3143 5675
7295 2663
9699 5163
5065 6592
2710 1501
4985 4607
6257 9427
9073 2441
4219 5437
3637 9771
4030 6434
6671 8635
6927 2585
4704 6435
6324 6759
8546 2426
4366 4807
9411 6032
5606 5598
4646 2724
2250 7023
4673 5018
3059 9136
6381 5665
1569 3929
5812 6602
2587 5033
5943 3411
7739 5320
9282 3394
9321 1905
1587 9670
1514 5901
3926 2655
8367 8066
9187 5058
6251 5636
4478 4084
5507 9233
6920 5387
3631 5783
3185 7271
2368 6411
2828 6396
5751 4084
7052 1879
8016 4992
6718 7676
2391 5569
5871 8744
5637 7673
9068 5009
9562 8821
8517 6634
7153 2621
5080 6902
4815 1922
9636 4106
5338 5130
4969 8430
8984 4337
3087 8455
3517 6122
4921 5347
3340 8898
9775 3789
6022 4515
9011 7264
8406 7611
5447 8640
2391 2777
6058 9049
4491 8790
2650 6004
7620 4402
9815 1831
4856 3708
7155 8619
8606 6272
4092 3509
5660 3327
5648 5351
1609 8898
8735 4542
3481 7004
7952 8057
4610 7775
6209 4864
8531 8167
8281 3883
9288 5067
6056 9994
1579 7090
4483 6308
7670 6594
3249 4806
5541 6739
7090 9709
4623 8130
3402 9835
4697 9461
7496 1877
2782 6068
5179 1626
6820 9624
4269 7908
8886 7990
7058 2154
6012 4838
8003 8323
6764 5776
6269 2956
6970 5344
3269 9121
3790 7103
9271 5632
8621 4466
2782 5061
4109 2303
8773 9701
4599 8868
9419 3744
9842 9153
7845 3820
4805 4824
2552 8303
3288 8588
4645 1522
4694 2907
5476 8534
5839 4298
5742 6847
5976 9219
1501 4084
7540 7042
9623 9874
8624 7753
3259 4862
3934 6696
9764 2123
2695 3635
5867 3106
2603 3896
7918 2502
7734 2660
5008 8818
6765 4457
1981 2001
5985 7976
9186 2338
7842 4728
2525 2230
3474 2942
5029 6795
7176 5088
8226 4696
6731 4191
9287 6468
6937 7047
2850 8651
8097 6974
4782 9311
8078 9506
2082 9729
6773 6686
9837 3209
2281 3867
7126 8166
3622 1919
3612 9630
4944 4279
1540 6080
2195 7609
2599 1894
3365 9586
5982 5317
3591 3887
3092 2135
6394 7666
2090 1954
6521 2771
8206 7866
7305 3940
6116 5433
4318 4147
7034 3876
2857 1634
2656 7228
1661 4541
7659 6778
5041 4881
9626 3381
2960 8216
2239 3659
7668 3971
7731 7367
9870 3088
5808 2510
1604 7921
3465 5824
6874 7587
1974 6028
4522 8262
8163 2883
7569 5678
3661 9333
7090 9635
1541 6653
8106 5497
8131 2054
9416 4597
4975 2732
4234 4048
8809 8283
7849 2671
6032 4172
7290 2249
5956 7542
1733 6328
9531 1573
3445 9174
2708 6265
6219 8510
3261 9619
7537 5624
4224 5105
7891 9491
5204 3549
6235 8273
4601 5568
3222 7411
8245 1869
2099 6666
6872 6962
9487 8907
7581 9045
8929 8944
8343 3644
6018 9711
5098 5738
1835 4245
5877 5814
9022 6609
9997 6299
5010 2284
1616 5700
5783 6219
7276 1878
6977 7046
3031 6635
8733 7272
6826 5520
6315 4919
2535 3204
3504 5523
5245 9164
3214 5157
9529 8881
2158 2372
3259 4266
7102 6693
3100 8364
4667 3427
9084 6788
3750 8782
8487 6487
1999 6073
4784 5058
6397 9528
9024 3359
7175 7560
8020 8923
6994 6406
5267 7094
7524 2346
6180 6188
6178 8821
3649 6657
3409 4239
9769 3625
9745 7614
2026 4779
8807 9747
8313 5489
6562 2675
3684 5278
9244 4999
9508 9826
3552 3271
7979 7679
3869 9119
7415 9718
5644 6433
3574 9224
2165 8505
2916 6253
9232 7151
8042 9184
3913 6503
9400 4586
5076 6581
5007 3259
2998 4447
3026 6435
7248 9739
6489 2050
1932 2242
4092 3036
9129 3162
9685 6173
6720 6741
4430 6642
9720 5033
8728 4821
8164 5755
2785 8197
8604 2488
9198 3906
9258 1836
6456 1846
5162 7449
6162 9460
7706 2983
9390 7827
6238 6678
7570 4354
4978 8253
5297 5212
6470 4319
2134 8213
4890 4085
3487 2281
7484 4925
3002 4275
7294 6038
7539 5564
2407 4717
1672 8594
5911 8982
7270 6521
3425 7532
2911 8563
9947 4926
8570 5334
5460 5071
8082 4904
4311 7787
6345 5412
5814 5110
4080 2746
2864 3512
3449 7879
8077 3087
6912 6686
3106 3729
9131 8075
7039 2419
3641 8845
8066 7481
4718 3206
9561 7661
1665 7625
3303 5217
5109 5279
7160 1738
4147 3040
7967 3893
6089 4789
1760 6851
9587 1744
7054 3135
5233 3143
5029 4068
6615 6516
3447 9422
4646 6826
2034 8612
9094 4318
5649 5710
8243 5890
7796 4979
9454 2613
8439 2485
2386 6334
8300 4757
3638 7761
9664 9343
3494 1956
9418 5726
4726 7659
1664 2255
5442 8333
7618 5456
5652 5121
2398 5357
6687 9429
5650 3906
3924 3110
6668 6502
1657 2332
2752 9974
5388 3790
5749 5197
3365 7324
8099 3926
3883 3355
1705 7471
5030 4144
6590 8745
3178 9959
1810 9728
4285 6171
8359 7298
5162 9194
8603 2688
4770 5335
3035 2248
6280 7920
4928 2702
4208 3121
7049 3392
7500 3512
5738 9021
2691 1632
6953 1713
3700 7340
8051 2640
3226 4623
2232 8292
6767 3509
7445 9764
9344 2335
5867 9202
2827 4185
3187 7322
3381 1896
8933 4168
4173 4399
1946 1643
9316 4129
8239 1596
5768 5144
9499 4385
9185 6507
3215 8954
6811 3799
6994 4463
8087 8484
4695 9771
7443 4603
7544 5210
7139 5612
5207 2314
4487 5242
4417 2531
4753 9578
4340 5024
1556 8080
7290 5579
4000 4323
2013 9272
5860 5772
5919 7717
2985 3456
5369 8583
9726 5561
8834 7884
6379 3375
8419 8129
6854 6883
4287 8990
6535 2018
6071 9449
6437 4912
5062 2114
2434 6462
9030 6730
5405 3637
1826 4749
4280 4258
7612 7676
6490 6908
6125 5647
2266 5351
3522 1926
8964 4521
7450 5729
7461 3060
5402 6716
6543 2311
6221 9266
5945 1951
9396 8966
7461 7267
5613 5951
5835 5526
5788 1523
6737 4617
4781 5702
1916 5775
7715 7339
3771 6845
5978 8998
3124 5072
2840 9356
3402 2782
3420 3210
4020 6904
5760 2877
9576 9294
4516 1645
2073 8519
6191 2747
7764 5701
8396 5547
5243 8637
5638 8545
2761 7651
3789 7360
2405 4694
6287 5071
1685 2955
9660 6006
9848 6900
9435 7708
1698 4060
8950 8165
3677 9544
5512 3146
1823 1555
8906 8854
2410 6168
3676 7050
6756 3139
8923 5591
7743 3880
6040 8741
9977 5708
7862 5202
8606 2900
3697 9312
9806 1614
6475 9696
7928 8283
8884 1900
2939 2138
7269 3018
9197 7817
6776 2538
9940 5750
9669 3731
8812 1541
1574 3032
4528 9282
6913 2497
7199 6021
6044 6300
5382 7548
6133 2089
6407 8346
8392 5280
