653
9673 7833
3416 2923
9763 3465
4734 2957
8193 5499
9631 5195
5146 2999
8626 6056
2218 5985
7320 6298
8898 1590
2561 9985
1787 2276
5663 9395
6295 3353
3104 2047
7008 1935
9341 4163
9026 6149
2658 2748
4902 8468
5974 5757
8382 2909
8641 7351
6927 9994
3281 8263
6591 5558
7743 4747
3451 5390
5915 3863
8385 7332
3006 3145
7949 4554
7592 6246
3013 8913
6077 5195
8698 6295
8306 3964
6731 8334
8869 4098
2789 8884
4705 2478
8812 4551
9044 3703
5116 2468
9625 1744
6879 5902
8550 3753
3146 8868
7009 5463
4926 5242
3865 6763
8609 3369
1865 6130
4015 4350
8831 5755
6074 3628
3435 6993
8552 9386
9727 3650
6817 1637
6383 6835
4814 7711
9847 6654
3644 5032
8561 3941
4167 4010
7087 4636
5446 7202
8493 3257
8830 7416
7135 4102
5246 9412
9213 2719
4328 8681
7661 9817
7704 2455
4164 6263
6858 3803
2099 8656
2463 7406
8443 4511
6678 9680
6222 8894
2996 1622
8299 3920
8916 9456
7957 5953
3207 6673
3840 2696
7989 7628
9787 8402
6955 6533
7755 6142
9487 8206
2265 9077
2941 2113
1863 9958
8745 9830
2832 4258
2069 6849
4804 8754
8375 9400
1680 7057
3314 9971
9873 1793
1766 2160
6100 7903
8569 8981
9061 7902
2778 1767
4918 5381
7698 8964
5338 2838
4944 6246
5633 5825
9074 7039
4255 7684
4897 4706
4004 6595
9038 8218
9480 1573
4653 9389
3161 3362
2244 6808
4999 8444
3247 5347
6331 2117
8748 2498
5535 4810
2020 3332
9607 6090
5366 4952
2093 4602
8311 8039
3053 5447
1849 1747
8720 6536
2416 8259
8375 5011
7429 9298
4485 2691
6048 7997
2856 5782
2332 7400
1533 6112
5946 6437
8106 2811
2327 9239
8473 6019
8274 6277
9898 7020
4045 5161
6592 6869
7427 9051
9083 9111
8565 9751
4706 8968
3194 8203
7501 7288
2822 5586
8654 6153
6526 2297
2534 6517
9993 4850
3689 3307
7714 3455
7063 2256
4128 5706
2607 2320
5799 8072
3822 5825
6339 7769
4937 6273
2120 5992
9925 8776
4742 6522
3543 4244
8683 3013
4615 8254
5849 4307
2250 2928
9042 5462
4332 9506
3281 9606
8623 5921
9777 7681
9396 2001
8427 1613
6476 2667
9693 2680
5066 4936
3421 4439
1505 1736
3373 4761
6181 2264
6635 3729
1795 6007
3284 6163
2584 7505
7652 6108
3599 8463
8041 7763
1829 8406
6592 3646
4742 4178
3580 7457
2334 2659
8260 8598
6670 6978
5149 8912
7816 3995
9951 3555
9303 3665
5755 2693
7990 8295
1659 6623
5133 1976
6295 6186
4851 6902
9276 3358
6667 2899
3533 9615
2379 5137
9256 2603
9417 2420
1555 6984
2516 5217
9878 9912
1525 8823
2990 3678
8153 6165
6284 3918
4145 8341
2315 4370
5230 2560
7999 1542
5194 4414
5003 4950
3171 2099
9509 9455
6037 2099
4277 5572
7836 4648
1749 1671
6994 8853
8558 5516
2238 6136
2469 6726
5913 5533
6050 6188
7613 9957
3842 6032
2596 4999
9685 6094
9890 5598
9216 4972
7678 1617
4342 1895
5201 2387
3164 1985
5102 9362
6947 8710
5153 5284
7976 2172
7370 6665
4885 4635
8170 8126
9958 3164
7053 3956
7134 6549
8159 9253
9097 4592
9137 2567
9728 6658
4333 4329
8289 5698
5803 1914
2827 9232
4848 6604
7688 6392
6555 3274
2738 3990
1556 3575
7101 2630
5850 2697
6578 5878
5435 7554
4070 5509
8122 7317
4579 3399
9363 1552
2536 6259
5374 8444
3019 3604
1631 9762
4266 9538
4300 8207
3870 9051
5331 1523
1622 1780
6275 5813
6671 9199
3845 1722
8090 5231
3318 1579
8562 7505
8100 1904
8163 8492
7072 1538
3893 9195
3551 9132
8792 6258
7297 5467
6687 6717
2687 4784
8021 2213
1916 4362
1574 9928
6197 6922
3890 6617
2273 9259
6343 7872
2234 4794
5022 1701
7368 5713
2765 4474
3756 6478
7249 9732
4612 6210
8678 3311
7879 8668
8788 9831
2674 5244
9376 2522
5372 7232
2509 4396
4583 6251
9829 5497
7517 7409
6667 7502
9155 2416
4579 9930
5709 3987
8995 9697
8476 8887
7217 9650
3614 7214
3039 5581
4497 2661
5678 3456
7007 4582
4002 5895
6531 2154
4335 1699
6813 9923
5704 2961
9618 9733
2536 4291
4533 7477
8707 6447
6485 6442
3792 8168
3508 1651
6252 2801
3630 2778
8666 3185
9203 7222
2749 9773
8165 9555
7664 3673
1872 5377
4515 5232
9241 1524
2927 2731
1636 6881
7644 7370
1923 9835
1705 4102
3031 1850
8702 6965
4845 2941
3888 4526
8347 5482
8621 5425
6180 2207
3116 9423
4849 4525
7320 5300
4328 8609
1667 7484
7474 2505
7364 5247
6488 9854
9924 8650
9303 5496
9321 5638
8191 7172
2224 7624
2619 8682
2463 5575
9849 7974
5772 4649
5970 9601
2048 5108
1701 3823
7765 6924
5140 4967
4794 7459
5355 8130
9435 6586
7684 6694
6253 8788
8002 6242
8808 3638
2709 3926
5726 7374
5133 7726
6038 7717
9137 1627
1514 5432
4444 7262
5742 5723
6208 9765
7354 3231
2858 9463
5540 9625
5168 5115
2437 8474
5433 8735
1789 6330
9423 4631
4014 7676
9760 5832
4781 9876
5498 6829
2231 6016
1541 5215
4594 6272
6886 4458
5847 6583
7263 6470
7171 9331
8827 5379
6756 5730
2293 6820
9274 2952
6823 1604
3765 2663
2858 2937
3990 3878
3517 8441
7683 8470
2820 8420
3190 7023
1980 5613
2048 3703
8990 6094
8071 3321
1961 4466
2483 3743
8912 3996
3074 1985
9066 7561
4282 4318
7595 4635
9464 9955
8330 7159
2607 9951
3174 8543
4276 2154
3102 9923
6154 2013
5303 3420
5708 1873
5334 9131
5433 5999
8804 3666
6484 8115
2885 2594
3760 5252
2261 4545
6016 5187
7063 9020
1575 4618
5290 5276
8432 4097
9423 5200
6393 4503
2907 1831
6246 6014
4099 4222
9144 7207
2282 8404
5876 2783
8391 6416
7666 6343
6183 3023
1584 6780
7494 6977
1743 4785
1739 3386
5982 6382
7612 4931
4180 5682
9031 5016
7037 8601
9136 7615
4440 3753
4983 2527
6910 2457
6899 4741
4164 3319
2347 9917
7119 9342
5600 9699
4160 9802
1951 5141
2536 7285
3206 6337
2903 9152
5865 7119
9508 5102
9682 4711
7747 3511
1676 9576
3946 4498
7074 3176
2285 3071
3615 9080
5492 8267
3598 9004
6268 8412
9973 6743
6749 2496
4038 6356
3019 6320
5198 3712
9338 7153
2912 4214
8104 2691
2809 5275
6892 7604
9420 4327
6375 5655
2641 8898
2777 3428
9204 8370
9691 8912
1889 9282
6055 9718
6889 2777
6772 4210
7008 8656
6618 5091
3187 3464
1777 7033
1728 7516
7478 6331
3492 7434
8823 4016
8487 1898
2601 4770
2299 2907
7482 5281
4243 6581
8978 4168
6377 5811
4017 7079
7838 2864
4119 2340
3950 3912
2853 8042
5346 6680
3199 6814
4878 8462
9260 3388
6596 3204
9074 6119
9107 9640
6829 6491
3607 6473
6140 4363
8562 7369
4834 4148
4661 7332
8835 7879
5055 6766
8320 3109
7179 8988
4435 2789
9911 5414
5193 7033
9184 9372
4879 8213
2618 8836
3156 1929
8021 4536
8374 6178
8419 7942
5584 8825
7154 4953
2233 4223
7263 5171
3986 7873
5407 4072
2552 3032
9863 2692
6721 6323
4699 6543
8864 8707
6473 2572
5832 7439
7472 5074
1844 3657
9101 7836
6809 9412
5671 3413
2569 2072
7878 2400
8057 5190
3887 9938
3565 5554
2215 3086
8046 8732
8484 7293
4726 2415
8959 2747
1605 1991
4819 6427
9309 4212
3248 5984
6062 8779
6532 8186
2114 3797
4041 5732
7728 5273
4928 8597
3574 7891
3542 5730
6866 9054
2283 1510
6495 8445
6957 1924
8999 3405
6237 3330
5495 5718
2031 6741
7596 3087
4652 3128
3082 5410
8887 5032
1750 4624
