104
1315 1172
1012 1208
1343 1252
1045 1140
1056 1080
1427 1329
1050 1242
1493 1204
1198 1276
1259 1069
1498 1151
1386 1477
1068 1277
1012 1323
1052 1374
1124 1078
1364 1003
1070 1155
1143 1095
1482 1457
1134 1114
1302 1285
1172 1468
1062 1369
1023 1008
1206 1467
1217 1458
1297 1144
1312 1196
1072 1024
1104 1056
1203 1220
1218 1415
1104 1167
1401 1239
1013 1003
1476 1497
1219 1224
1407 1091
1377 1492
1404 1025
1460 1286
1252 1196
1279 1424
1025 1019
1030 1240
1175 1266
1015 1485
1413 1128
1054 1060
1093 1420
1284 1178
1105 1148
1369 1249
1032 1035
1449 1463
1173 1376
1401 1332
1294 1037
1404 1474
1131 1329
1340 1481
1207 1048
1241 1330
1137 1471
1333 1475
1037 1442
1369 1340
1135 1324
1321 1106
1155 1187
1484 1046
1030 1118
1371 1358
1191 1001
1182 1374
1114 1369
1390 1079
1259 1241
1014 1491
1119 1021
1240 1354
1398 1380
1091 1216
1049 1121
1000 1432
1376 1235
1243 1411
1432 1436
1018 1387
1229 1366
1294 1408
1132 1031
1089 1178
1166 1055
1107 1476
1149 1368
1083 1418
1469 1490
1267 1357
1095 1415
1368 1285
1363 1231
1386 1114
