646
8825 1792
8631 2042
5952 8615
5874 7593
2440 8630
2818 5812
9837 9392
8300 2778
6648 9645
6561 6587
4954 1809
1528 5884
8597 8100
3109 6764
6669 1721
9490 8235
5355 5929
7462 6059
7724 4491
4888 9046
7781 3243
6662 6692
7091 8388
7135 3342
8285 2056
7603 2616
6074 2578
7423 5758
2527 3894
4200 8321
7413 7911
2674 6877
7981 9504
4547 3969
8972 5197
4911 6227
6779 3013
2031 9152
2455 6625
2717 9347
4407 5969
5984 5866
4902 8656
9079 2938
2982 3486
8631 1695
7246 7445
4028 9268
6819 9575
2233 6822
5134 2162
7787 6375
6341 5070
7207 4866
2528 1603
7986 8780
7662 5064
8643 2714
8885 7349
8483 2854
3598 8013
7521 4874
3150 6366
8101 8893
4173 5218
5841 9967
3468 1809
8397 6139
2815 8559
9638 8267
6250 3728
4738 7583
5274 2940
5445 7713
7653 5990
3333 4418
7618 8589
5426 6907
8862 9748
4653 9327
3159 9137
3695 3007
2073 9930
6884 4893
6807 6402
3017 8961
1942 2289
4146 6852
4474 4777
6264 2253
4429 7877
8833 7750
3637 2080
3501 6368
7852 8833
8727 4866
2393 6848
3590 5053
2248 3168
4371 1536
7051 9319
2786 5275
4924 3347
5109 7040
7084 4510
2582 2713
6584 7186
6814 4908
3707 6841
7794 8572
3500 9336
5709 9797
4724 9333
7651 3249
5913 5988
5865 6322
3795 7683
2249 6556
4826 6836
4980 4539
9891 2633
4090 3740
9073 7769
6965 9848
1805 5994
8079 7735
5350 7496
9391 4217
6764 1946
4829 6464
9091 9225
1711 5343
5722 2588
7980 9547
7030 6338
3269 6719
5597 1850
8894 1726
3473 7911
4629 5286
6915 6564
2789 3085
5279 5246
5832 8940
8998 5867
8316 2554
7583 7135
2417 8848
3768 5638
5614 1980
5977 3338
8803 9452
9970 2220
3201 1501
5293 9016
6535 3556
7423 2366
3184 2090
1693 4531
7247 5476
3047 2481
8185 8492
5507 8046
9010 7075
8938 3714
3041 5208
6625 5754
5731 5663
5709 6412
9612 3411
6843 4383
9642 7298
8523 9111
9621 6328
7558 8706
7631 4873
9746 4701
7429 4866
2553 3697
8274 4381
2908 5182
1701 6332
7027 4644
6028 2871
8056 3651
2165 2093
1514 2535
9059 5525
1802 8683
3922 4363
6610 5020
8347 7163
5513 6756
2300 6069
8187 5485
7270 7686
9200 5640
7802 8919
8374 4328
3488 4094
4425 5893
1572 5034
2839 3608
8541 5327
5357 5212
5120 1905
9218 6459
2997 3687
3330 4796
4674 4489
9823 1960
9463 9874
7762 7851
2267 2732
9374 4081
7066 2388
6666 9667
5570 3825
7029 2350
6908 5539
7095 8314
2263 6263
3181 2800
3510 6582
9614 2400
7279 7979
5839 2168
8660 6397
9580 3891
9468 2763
4544 6684
1553 3139
5266 9123
7015 8273
8519 9394
9957 3035
7182 3545
8539 4179
4840 4092
3236 7330
2475 2432
9780 7503
3496 4618
4972 2332
9238 5170
5649 7120
7739 5643
8445 9322
8293 3929
6303 3660
8779 9690
5958 9035
3626 3191
5486 5106
7818 9287
8678 8786
4399 4379
8797 7431
7751 9056
9577 8957
8561 3866
5147 8095
4692 3337
2313 5953
3372 2513
8188 7551
4412 8030
1561 5366
2866 2182
3922 4794
8184 1899
9923 3988
3138 5767
2781 3115
4872 3051
9007 5144
7062 3334
5307 2886
6886 2282
4137 3213
7415 8686
5570 3049
3724 2868
5021 4377
3171 3853
2514 4576
6701 5904
8197 8420
3027 3168
5088 4617
6493 6371
9017 8823
3910 7236
8123 5504
7227 5872
5873 3334
9923 2812
2201 9930
8979 8550
2887 9695
8648 7558
2638 7535
6613 5777
6776 3212
5792 9211
9963 8537
1955 1810
3960 3924
9327 3576
2340 5869
4047 1964
7027 5082
8017 4613
9040 6110
3294 6348
3757 9347
8425 2044
8891 6832
8461 8742
4715 6106
2107 2407
2684 5811
9898 9761
4292 6899
1831 5965
2650 4101
2047 6398
2903 6603
2387 7161
7398 7619
6054 4982
9135 3255
2877 7050
8257 2194
6908 7840
9617 6790
4164 8919
2789 2407
4861 3698
2499 8421
4443 1880
5619 4305
9115 2302
9721 3624
9179 8262
8449 9798
4594 4678
4064 7408
3913 4729
6957 2728
6276 5572
7284 7562
5507 9750
3128 4062
2481 2486
3712 4871
6627 4499
4768 7777
9557 9837
9339 7038
4369 8813
9151 2311
3041 4899
7527 7213
4996 9484
8377 8076
5196 9847
5335 9105
3914 5554
4058 4703
9281 3012
7659 3318
7978 7866
5674 4630
4653 2549
9722 5715
8079 3617
2074 5118
3493 9653
8181 5443
6419 4660
8831 7903
2625 4238
7975 4349
8648 5668
7841 7724
7172 9845
3964 5828
3971 5464
4735 6513
3600 9150
2476 6385
8964 9946
9482 6752
2674 9449
5871 8642
1951 7837
4836 7368
5031 5446
9669 7822
3669 5620
7531 3159
9986 7406
1521 9043
1915 9641
8105 7647
3559 2406
6906 8883
7196 6987
9138 6946
7580 4854
6257 4690
4933 5319
6259 3710
6540 5094
2624 4565
3065 1733
4520 9703
7041 6721
8263 8865
3831 6635
8730 3188
7209 4269
7930 3518
9844 3894
5698 9514
1950 2518
6246 9672
5395 2187
6595 3825
3465 1882
9525 7822
8292 1933
5423 4094
8034 1998
6566 8435
9183 3406
7218 6321
2520 8373
8988 9738
4805 7711
6984 7751
7210 3026
9182 2248
3127 6283
7443 5764
5189 4652
7968 3015
7045 6635
7185 6914
8025 2217
9580 6340
4911 6788
5645 7443
4518 7007
7128 7880
9391 9863
4378 3316
5941 3969
5136 7301
6671 4601
8502 1734
7700 2167
3590 8240
8731 6032
6623 9744
9049 5005
3096 3958
8984 7263
2093 9657
6276 8523
1718 7293
3412 9519
4146 8154
4007 7050
9643 7037
3768 4843
2270 7425
4594 3937
3556 3468
5367 7805
8776 8827
1741 5540
9025 4005
6839 4166
3371 4373
7132 9169
4051 1581
6066 2431
2534 8569
5517 3710
5027 4693
9615 3863
9672 5777
7478 2806
1608 2733
1782 6798
8867 4532
8191 8320
2055 6263
9753 3638
7320 5319
8638 7172
3151 7791
6394 3002
3331 1777
9510 6479
8236 3932
3615 8114
2071 5200
3145 2106
2890 4301
6538 4478
4191 1873
9793 3938
8668 2619
3885 4127
7164 4548
6725 9850
8454 7645
5428 8390
8623 2156
8161 3477
7609 6418
7207 4890
6650 4988
8890 5238
9437 2095
8565 1516
4828 7264
9660 6162
9906 8692
9680 8590
4759 4224
4558 6744
1722 4123
6489 8902
7347 6436
9473 4117
3902 4170
2401 7258
9316 3496
5292 4411
2092 1700
8213 8519
9806 6611
6212 7283
3228 3598
5438 5477
6498 5494
7026 5840
7449 6758
9848 5522
3822 5985
7005 5258
3889 5123
3998 2398
1512 8117
7447 4352
9915 7205
4973 1888
2940 6665
2552 5925
2147 1834
3222 6892
2080 4582
6155 8827
5278 3803
5262 2455
6283 5741
3549 3795
7342 4260
8055 3026
5473 4156
9622 2486
3391 8107
8236 2519
9256 2747
7113 3388
1691 3946
3239 2191
3643 2672
7423 4074
6423 6576
6389 5695
7239 9729
6337 7767
1543 9929
4872 1928
9303 5335
6054 4835
5114 2004
6183 1901
5549 8248
8335 1773
9223 8852
2834 4253
1715 7348
2407 5171
1985 8837
4603 8078
3200 2569
9629 2803
1741 5048
7411 9545
6743 6973
3977 4380
8321 4366
3124 7819
4778 4750
4197 7777
7546 4378
2893 9219
6597 6386
9593 8939
2162 1690
8307 6455
4046 4533
8823 2195
5274 6764
7422 4597
3957 6616
3234 6352
3337 2936
7034 5189
3080 4636
9128 3836
1540 9922
4126 5669
6679 8082
2740 8224
6566 7364
3696 4800
8432 3572
8280 6430
8987 6146
5356 6846
3494 8723
6808 6891
3368 4746
5302 4942
2755 9082
7446 9126
8549 8645
9409 8389
6787 6844
