parent 1 added -1 and 2: 1 2 
parent 2 added 3 and 4: 1 3 2 4 
parent 3 added 5 and 6: 1 5 3 6 2 4 
parent 4 added 7 and -1: 1 5 3 6 2 7 4 
parent 5 added 8 and -1: 1 8 5 3 6 2 7 4 
parent 6 added 9 and 10: 1 8 5 3 9 6 10 2 7 4 
parent 7 added 11 and 12: 1 8 5 3 9 6 10 2 11 7 12 4 
parent 8 added -1 and 13: 1 8 13 5 3 9 6 10 2 11 7 12 4 
parent 9 added 14 and 15: 1 8 13 5 3 14 9 15 6 10 2 11 7 12 4 
parent 10 added -1 and -1: 1 8 13 5 3 14 9 15 6 10 2 11 7 12 4 
parent 11 added -1 and 16: 1 8 13 5 3 14 9 15 6 10 2 11 16 7 12 4 
parent 12 added 17 and -1: 1 8 13 5 3 14 9 15 6 10 2 11 16 7 17 12 4 
parent 13 added 18 and 19: 1 8 18 13 19 5 3 14 9 15 6 10 2 11 16 7 17 12 4 
parent 14 added 20 and 21: 1 8 18 13 19 5 3 20 14 21 9 15 6 10 2 11 16 7 17 12 4 
parent 15 added 22 and 23: 1 8 18 13 19 5 3 20 14 21 9 22 15 23 6 10 2 11 16 7 17 12 4 
parent 16 added -1 and -1: 1 8 18 13 19 5 3 20 14 21 9 22 15 23 6 10 2 11 16 7 17 12 4 
parent 17 added 24 and 25: 1 8 18 13 19 5 3 20 14 21 9 22 15 23 6 10 2 11 16 7 24 17 25 12 4 
parent 18 added 26 and -1: 1 8 26 18 13 19 5 3 20 14 21 9 22 15 23 6 10 2 11 16 7 24 17 25 12 4 
parent 19 added 27 and 28: 1 8 26 18 13 27 19 28 5 3 20 14 21 9 22 15 23 6 10 2 11 16 7 24 17 25 12 4 
parent 20 added 29 and 30: 1 8 26 18 13 27 19 28 5 3 29 20 30 14 21 9 22 15 23 6 10 2 11 16 7 24 17 25 12 4 
parent 21 added 31 and -1: 1 8 26 18 13 27 19 28 5 3 29 20 30 14 31 21 9 22 15 23 6 10 2 11 16 7 24 17 25 12 4 
parent 22 added 32 and 33: 1 8 26 18 13 27 19 28 5 3 29 20 30 14 31 21 9 32 22 33 15 23 6 10 2 11 16 7 24 17 25 12 4 
parent 23 added 34 and 35: 1 8 26 18 13 27 19 28 5 3 29 20 30 14 31 21 9 32 22 33 15 34 23 35 6 10 2 11 16 7 24 17 25 12 4 
parent 24 added 36 and 37: 1 8 26 18 13 27 19 28 5 3 29 20 30 14 31 21 9 32 22 33 15 34 23 35 6 10 2 11 16 7 36 24 37 17 25 12 4 
parent 25 added 38 and 39: 1 8 26 18 13 27 19 28 5 3 29 20 30 14 31 21 9 32 22 33 15 34 23 35 6 10 2 11 16 7 36 24 37 17 38 25 39 12 4 
parent 26 added -1 and 40: 1 8 26 40 18 13 27 19 28 5 3 29 20 30 14 31 21 9 32 22 33 15 34 23 35 6 10 2 11 16 7 36 24 37 17 38 25 39 12 4 
parent 27 added -1 and 41: 1 8 26 40 18 13 27 41 19 28 5 3 29 20 30 14 31 21 9 32 22 33 15 34 23 35 6 10 2 11 16 7 36 24 37 17 38 25 39 12 4 
parent 28 added -1 and 42: 1 8 26 40 18 13 27 41 19 28 42 5 3 29 20 30 14 31 21 9 32 22 33 15 34 23 35 6 10 2 11 16 7 36 24 37 17 38 25 39 12 4 
parent 29 added -1 and -1: 1 8 26 40 18 13 27 41 19 28 42 5 3 29 20 30 14 31 21 9 32 22 33 15 34 23 35 6 10 2 11 16 7 36 24 37 17 38 25 39 12 4 
parent 30 added 43 and 44: 1 8 26 40 18 13 27 41 19 28 42 5 3 29 20 43 30 44 14 31 21 9 32 22 33 15 34 23 35 6 10 2 11 16 7 36 24 37 17 38 25 39 12 4 
parent 31 added -1 and -1: 1 8 26 40 18 13 27 41 19 28 42 5 3 29 20 43 30 44 14 31 21 9 32 22 33 15 34 23 35 6 10 2 11 16 7 36 24 37 17 38 25 39 12 4 
parent 32 added 45 and 46: 1 8 26 40 18 13 27 41 19 28 42 5 3 29 20 43 30 44 14 31 21 9 45 32 46 22 33 15 34 23 35 6 10 2 11 16 7 36 24 37 17 38 25 39 12 4 
parent 33 added 47 and 48: 1 8 26 40 18 13 27 41 19 28 42 5 3 29 20 43 30 44 14 31 21 9 45 32 46 22 47 33 48 15 34 23 35 6 10 2 11 16 7 36 24 37 17 38 25 39 12 4 
parent 34 added -1 and -1: 1 8 26 40 18 13 27 41 19 28 42 5 3 29 20 43 30 44 14 31 21 9 45 32 46 22 47 33 48 15 34 23 35 6 10 2 11 16 7 36 24 37 17 38 25 39 12 4 
parent 35 added -1 and 49: 1 8 26 40 18 13 27 41 19 28 42 5 3 29 20 43 30 44 14 31 21 9 45 32 46 22 47 33 48 15 34 23 35 49 6 10 2 11 16 7 36 24 37 17 38 25 39 12 4 
parent 36 added -1 and 50: 1 8 26 40 18 13 27 41 19 28 42 5 3 29 20 43 30 44 14 31 21 9 45 32 46 22 47 33 48 15 34 23 35 49 6 10 2 11 16 7 36 50 24 37 17 38 25 39 12 4 
parent 37 added 51 and 52: 1 8 26 40 18 13 27 41 19 28 42 5 3 29 20 43 30 44 14 31 21 9 45 32 46 22 47 33 48 15 34 23 35 49 6 10 2 11 16 7 36 50 24 51 37 52 17 38 25 39 12 4 
parent 38 added -1 and 53: 1 8 26 40 18 13 27 41 19 28 42 5 3 29 20 43 30 44 14 31 21 9 45 32 46 22 47 33 48 15 34 23 35 49 6 10 2 11 16 7 36 50 24 51 37 52 17 38 53 25 39 12 4 
parent 39 added 54 and 55: 1 8 26 40 18 13 27 41 19 28 42 5 3 29 20 43 30 44 14 31 21 9 45 32 46 22 47 33 48 15 34 23 35 49 6 10 2 11 16 7 36 50 24 51 37 52 17 38 53 25 54 39 55 12 4 
parent 40 added -1 and 56: 1 8 26 40 56 18 13 27 41 19 28 42 5 3 29 20 43 30 44 14 31 21 9 45 32 46 22 47 33 48 15 34 23 35 49 6 10 2 11 16 7 36 50 24 51 37 52 17 38 53 25 54 39 55 12 4 
parent 41 added 57 and -1: 1 8 26 40 56 18 13 27 57 41 19 28 42 5 3 29 20 43 30 44 14 31 21 9 45 32 46 22 47 33 48 15 34 23 35 49 6 10 2 11 16 7 36 50 24 51 37 52 17 38 53 25 54 39 55 12 4 
parent 42 added -1 and 58: 1 8 26 40 56 18 13 27 57 41 19 28 42 58 5 3 29 20 43 30 44 14 31 21 9 45 32 46 22 47 33 48 15 34 23 35 49 6 10 2 11 16 7 36 50 24 51 37 52 17 38 53 25 54 39 55 12 4 
parent 43 added 59 and -1: 1 8 26 40 56 18 13 27 57 41 19 28 42 58 5 3 29 20 59 43 30 44 14 31 21 9 45 32 46 22 47 33 48 15 34 23 35 49 6 10 2 11 16 7 36 50 24 51 37 52 17 38 53 25 54 39 55 12 4 
parent 44 added 60 and 61: 1 8 26 40 56 18 13 27 57 41 19 28 42 58 5 3 29 20 59 43 30 60 44 61 14 31 21 9 45 32 46 22 47 33 48 15 34 23 35 49 6 10 2 11 16 7 36 50 24 51 37 52 17 38 53 25 54 39 55 12 4 
parent 45 added -1 and 62: 1 8 26 40 56 18 13 27 57 41 19 28 42 58 5 3 29 20 59 43 30 60 44 61 14 31 21 9 45 62 32 46 22 47 33 48 15 34 23 35 49 6 10 2 11 16 7 36 50 24 51 37 52 17 38 53 25 54 39 55 12 4 
parent 46 added -1 and 63: 1 8 26 40 56 18 13 27 57 41 19 28 42 58 5 3 29 20 59 43 30 60 44 61 14 31 21 9 45 62 32 46 63 22 47 33 48 15 34 23 35 49 6 10 2 11 16 7 36 50 24 51 37 52 17 38 53 25 54 39 55 12 4 
parent 47 added -1 and -1: 1 8 26 40 56 18 13 27 57 41 19 28 42 58 5 3 29 20 59 43 30 60 44 61 14 31 21 9 45 62 32 46 63 22 47 33 48 15 34 23 35 49 6 10 2 11 16 7 36 50 24 51 37 52 17 38 53 25 54 39 55 12 4 
parent 48 added -1 and 64: 1 8 26 40 56 18 13 27 57 41 19 28 42 58 5 3 29 20 59 43 30 60 44 61 14 31 21 9 45 62 32 46 63 22 47 33 48 64 15 34 23 35 49 6 10 2 11 16 7 36 50 24 51 37 52 17 38 53 25 54 39 55 12 4 
parent 49 added 65 and -1: 1 8 26 40 56 18 13 27 57 41 19 28 42 58 5 3 29 20 59 43 30 60 44 61 14 31 21 9 45 62 32 46 63 22 47 33 48 64 15 34 23 35 65 49 6 10 2 11 16 7 36 50 24 51 37 52 17 38 53 25 54 39 55 12 4 
parent 50 added 66 and -1: 1 8 26 40 56 18 13 27 57 41 19 28 42 58 5 3 29 20 59 43 30 60 44 61 14 31 21 9 45 62 32 46 63 22 47 33 48 64 15 34 23 35 65 49 6 10 2 11 16 7 36 66 50 24 51 37 52 17 38 53 25 54 39 55 12 4 
parent 51 added -1 and 67: 1 8 26 40 56 18 13 27 57 41 19 28 42 58 5 3 29 20 59 43 30 60 44 61 14 31 21 9 45 62 32 46 63 22 47 33 48 64 15 34 23 35 65 49 6 10 2 11 16 7 36 66 50 24 51 67 37 52 17 38 53 25 54 39 55 12 4 
parent 52 added -1 and -1: 1 8 26 40 56 18 13 27 57 41 19 28 42 58 5 3 29 20 59 43 30 60 44 61 14 31 21 9 45 62 32 46 63 22 47 33 48 64 15 34 23 35 65 49 6 10 2 11 16 7 36 66 50 24 51 67 37 52 17 38 53 25 54 39 55 12 4 
parent 53 added -1 and 68: 1 8 26 40 56 18 13 27 57 41 19 28 42 58 5 3 29 20 59 43 30 60 44 61 14 31 21 9 45 62 32 46 63 22 47 33 48 64 15 34 23 35 65 49 6 10 2 11 16 7 36 66 50 24 51 67 37 52 17 38 53 68 25 54 39 55 12 4 
parent 54 added -1 and 69: 1 8 26 40 56 18 13 27 57 41 19 28 42 58 5 3 29 20 59 43 30 60 44 61 14 31 21 9 45 62 32 46 63 22 47 33 48 64 15 34 23 35 65 49 6 10 2 11 16 7 36 66 50 24 51 67 37 52 17 38 53 68 25 54 69 39 55 12 4 
parent 55 added 70 and -1: 1 8 26 40 56 18 13 27 57 41 19 28 42 58 5 3 29 20 59 43 30 60 44 61 14 31 21 9 45 62 32 46 63 22 47 33 48 64 15 34 23 35 65 49 6 10 2 11 16 7 36 66 50 24 51 67 37 52 17 38 53 68 25 54 69 39 70 55 12 4 
parent 56 added 71 and -1: 1 8 26 40 71 56 18 13 27 57 41 19 28 42 58 5 3 29 20 59 43 30 60 44 61 14 31 21 9 45 62 32 46 63 22 47 33 48 64 15 34 23 35 65 49 6 10 2 11 16 7 36 66 50 24 51 67 37 52 17 38 53 68 25 54 69 39 70 55 12 4 
parent 57 added 72 and 73: 1 8 26 40 71 56 18 13 27 72 57 73 41 19 28 42 58 5 3 29 20 59 43 30 60 44 61 14 31 21 9 45 62 32 46 63 22 47 33 48 64 15 34 23 35 65 49 6 10 2 11 16 7 36 66 50 24 51 67 37 52 17 38 53 68 25 54 69 39 70 55 12 4 
parent 58 added 74 and 75: 1 8 26 40 71 56 18 13 27 72 57 73 41 19 28 42 74 58 75 5 3 29 20 59 43 30 60 44 61 14 31 21 9 45 62 32 46 63 22 47 33 48 64 15 34 23 35 65 49 6 10 2 11 16 7 36 66 50 24 51 67 37 52 17 38 53 68 25 54 69 39 70 55 12 4 
parent 59 added -1 and -1: 1 8 26 40 71 56 18 13 27 72 57 73 41 19 28 42 74 58 75 5 3 29 20 59 43 30 60 44 61 14 31 21 9 45 62 32 46 63 22 47 33 48 64 15 34 23 35 65 49 6 10 2 11 16 7 36 66 50 24 51 67 37 52 17 38 53 68 25 54 69 39 70 55 12 4 
parent 60 added 76 and -1: 1 8 26 40 71 56 18 13 27 72 57 73 41 19 28 42 74 58 75 5 3 29 20 59 43 30 76 60 44 61 14 31 21 9 45 62 32 46 63 22 47 33 48 64 15 34 23 35 65 49 6 10 2 11 16 7 36 66 50 24 51 67 37 52 17 38 53 68 25 54 69 39 70 55 12 4 
parent 61 added 77 and -1: 1 8 26 40 71 56 18 13 27 72 57 73 41 19 28 42 74 58 75 5 3 29 20 59 43 30 76 60 44 77 61 14 31 21 9 45 62 32 46 63 22 47 33 48 64 15 34 23 35 65 49 6 10 2 11 16 7 36 66 50 24 51 67 37 52 17 38 53 68 25 54 69 39 70 55 12 4 
parent 62 added -1 and -1: 1 8 26 40 71 56 18 13 27 72 57 73 41 19 28 42 74 58 75 5 3 29 20 59 43 30 76 60 44 77 61 14 31 21 9 45 62 32 46 63 22 47 33 48 64 15 34 23 35 65 49 6 10 2 11 16 7 36 66 50 24 51 67 37 52 17 38 53 68 25 54 69 39 70 55 12 4 
parent 63 added 78 and -1: 1 8 26 40 71 56 18 13 27 72 57 73 41 19 28 42 74 58 75 5 3 29 20 59 43 30 76 60 44 77 61 14 31 21 9 45 62 32 46 78 63 22 47 33 48 64 15 34 23 35 65 49 6 10 2 11 16 7 36 66 50 24 51 67 37 52 17 38 53 68 25 54 69 39 70 55 12 4 
parent 64 added -1 and -1: 1 8 26 40 71 56 18 13 27 72 57 73 41 19 28 42 74 58 75 5 3 29 20 59 43 30 76 60 44 77 61 14 31 21 9 45 62 32 46 78 63 22 47 33 48 64 15 34 23 35 65 49 6 10 2 11 16 7 36 66 50 24 51 67 37 52 17 38 53 68 25 54 69 39 70 55 12 4 
parent 65 added 79 and 80: 1 8 26 40 71 56 18 13 27 72 57 73 41 19 28 42 74 58 75 5 3 29 20 59 43 30 76 60 44 77 61 14 31 21 9 45 62 32 46 78 63 22 47 33 48 64 15 34 23 35 79 65 80 49 6 10 2 11 16 7 36 66 50 24 51 67 37 52 17 38 53 68 25 54 69 39 70 55 12 4 
parent 66 added 81 and 82: 1 8 26 40 71 56 18 13 27 72 57 73 41 19 28 42 74 58 75 5 3 29 20 59 43 30 76 60 44 77 61 14 31 21 9 45 62 32 46 78 63 22 47 33 48 64 15 34 23 35 79 65 80 49 6 10 2 11 16 7 36 81 66 82 50 24 51 67 37 52 17 38 53 68 25 54 69 39 70 55 12 4 
parent 67 added -1 and 83: 1 8 26 40 71 56 18 13 27 72 57 73 41 19 28 42 74 58 75 5 3 29 20 59 43 30 76 60 44 77 61 14 31 21 9 45 62 32 46 78 63 22 47 33 48 64 15 34 23 35 79 65 80 49 6 10 2 11 16 7 36 81 66 82 50 24 51 67 83 37 52 17 38 53 68 25 54 69 39 70 55 12 4 
parent 68 added 84 and -1: 1 8 26 40 71 56 18 13 27 72 57 73 41 19 28 42 74 58 75 5 3 29 20 59 43 30 76 60 44 77 61 14 31 21 9 45 62 32 46 78 63 22 47 33 48 64 15 34 23 35 79 65 80 49 6 10 2 11 16 7 36 81 66 82 50 24 51 67 83 37 52 17 38 53 84 68 25 54 69 39 70 55 12 4 
parent 69 added 85 and -1: 1 8 26 40 71 56 18 13 27 72 57 73 41 19 28 42 74 58 75 5 3 29 20 59 43 30 76 60 44 77 61 14 31 21 9 45 62 32 46 78 63 22 47 33 48 64 15 34 23 35 79 65 80 49 6 10 2 11 16 7 36 81 66 82 50 24 51 67 83 37 52 17 38 53 84 68 25 54 85 69 39 70 55 12 4 
parent 70 added 86 and -1: 1 8 26 40 71 56 18 13 27 72 57 73 41 19 28 42 74 58 75 5 3 29 20 59 43 30 76 60 44 77 61 14 31 21 9 45 62 32 46 78 63 22 47 33 48 64 15 34 23 35 79 65 80 49 6 10 2 11 16 7 36 81 66 82 50 24 51 67 83 37 52 17 38 53 84 68 25 54 85 69 39 86 70 55 12 4 
parent 71 added -1 and 87: 1 8 26 40 71 87 56 18 13 27 72 57 73 41 19 28 42 74 58 75 5 3 29 20 59 43 30 76 60 44 77 61 14 31 21 9 45 62 32 46 78 63 22 47 33 48 64 15 34 23 35 79 65 80 49 6 10 2 11 16 7 36 81 66 82 50 24 51 67 83 37 52 17 38 53 84 68 25 54 85 69 39 86 70 55 12 4 
parent 72 added -1 and -1: 1 8 26 40 71 87 56 18 13 27 72 57 73 41 19 28 42 74 58 75 5 3 29 20 59 43 30 76 60 44 77 61 14 31 21 9 45 62 32 46 78 63 22 47 33 48 64 15 34 23 35 79 65 80 49 6 10 2 11 16 7 36 81 66 82 50 24 51 67 83 37 52 17 38 53 84 68 25 54 85 69 39 86 70 55 12 4 
parent 73 added -1 and -1: 1 8 26 40 71 87 56 18 13 27 72 57 73 41 19 28 42 74 58 75 5 3 29 20 59 43 30 76 60 44 77 61 14 31 21 9 45 62 32 46 78 63 22 47 33 48 64 15 34 23 35 79 65 80 49 6 10 2 11 16 7 36 81 66 82 50 24 51 67 83 37 52 17 38 53 84 68 25 54 85 69 39 86 70 55 12 4 
parent 74 added -1 and 88: 1 8 26 40 71 87 56 18 13 27 72 57 73 41 19 28 42 74 88 58 75 5 3 29 20 59 43 30 76 60 44 77 61 14 31 21 9 45 62 32 46 78 63 22 47 33 48 64 15 34 23 35 79 65 80 49 6 10 2 11 16 7 36 81 66 82 50 24 51 67 83 37 52 17 38 53 84 68 25 54 85 69 39 86 70 55 12 4 
parent 75 added -1 and -1: 1 8 26 40 71 87 56 18 13 27 72 57 73 41 19 28 42 74 88 58 75 5 3 29 20 59 43 30 76 60 44 77 61 14 31 21 9 45 62 32 46 78 63 22 47 33 48 64 15 34 23 35 79 65 80 49 6 10 2 11 16 7 36 81 66 82 50 24 51 67 83 37 52 17 38 53 84 68 25 54 85 69 39 86 70 55 12 4 
parent 76 added 89 and 90: 1 8 26 40 71 87 56 18 13 27 72 57 73 41 19 28 42 74 88 58 75 5 3 29 20 59 43 30 89 76 90 60 44 77 61 14 31 21 9 45 62 32 46 78 63 22 47 33 48 64 15 34 23 35 79 65 80 49 6 10 2 11 16 7 36 81 66 82 50 24 51 67 83 37 52 17 38 53 84 68 25 54 85 69 39 86 70 55 12 4 
parent 77 added -1 and -1: 1 8 26 40 71 87 56 18 13 27 72 57 73 41 19 28 42 74 88 58 75 5 3 29 20 59 43 30 89 76 90 60 44 77 61 14 31 21 9 45 62 32 46 78 63 22 47 33 48 64 15 34 23 35 79 65 80 49 6 10 2 11 16 7 36 81 66 82 50 24 51 67 83 37 52 17 38 53 84 68 25 54 85 69 39 86 70 55 12 4 
parent 78 added 91 and -1: 1 8 26 40 71 87 56 18 13 27 72 57 73 41 19 28 42 74 88 58 75 5 3 29 20 59 43 30 89 76 90 60 44 77 61 14 31 21 9 45 62 32 46 91 78 63 22 47 33 48 64 15 34 23 35 79 65 80 49 6 10 2 11 16 7 36 81 66 82 50 24 51 67 83 37 52 17 38 53 84 68 25 54 85 69 39 86 70 55 12 4 
parent 79 added -1 and 92: 1 8 26 40 71 87 56 18 13 27 72 57 73 41 19 28 42 74 88 58 75 5 3 29 20 59 43 30 89 76 90 60 44 77 61 14 31 21 9 45 62 32 46 91 78 63 22 47 33 48 64 15 34 23 35 79 92 65 80 49 6 10 2 11 16 7 36 81 66 82 50 24 51 67 83 37 52 17 38 53 84 68 25 54 85 69 39 86 70 55 12 4 
parent 80 added 93 and -1: 1 8 26 40 71 87 56 18 13 27 72 57 73 41 19 28 42 74 88 58 75 5 3 29 20 59 43 30 89 76 90 60 44 77 61 14 31 21 9 45 62 32 46 91 78 63 22 47 33 48 64 15 34 23 35 79 92 65 93 80 49 6 10 2 11 16 7 36 81 66 82 50 24 51 67 83 37 52 17 38 53 84 68 25 54 85 69 39 86 70 55 12 4 
parent 81 added 94 and 95: 1 8 26 40 71 87 56 18 13 27 72 57 73 41 19 28 42 74 88 58 75 5 3 29 20 59 43 30 89 76 90 60 44 77 61 14 31 21 9 45 62 32 46 91 78 63 22 47 33 48 64 15 34 23 35 79 92 65 93 80 49 6 10 2 11 16 7 36 94 81 95 66 82 50 24 51 67 83 37 52 17 38 53 84 68 25 54 85 69 39 86 70 55 12 4 
parent 82 added -1 and -1: 1 8 26 40 71 87 56 18 13 27 72 57 73 41 19 28 42 74 88 58 75 5 3 29 20 59 43 30 89 76 90 60 44 77 61 14 31 21 9 45 62 32 46 91 78 63 22 47 33 48 64 15 34 23 35 79 92 65 93 80 49 6 10 2 11 16 7 36 94 81 95 66 82 50 24 51 67 83 37 52 17 38 53 84 68 25 54 85 69 39 86 70 55 12 4 
parent 83 added 96 and 97: 1 8 26 40 71 87 56 18 13 27 72 57 73 41 19 28 42 74 88 58 75 5 3 29 20 59 43 30 89 76 90 60 44 77 61 14 31 21 9 45 62 32 46 91 78 63 22 47 33 48 64 15 34 23 35 79 92 65 93 80 49 6 10 2 11 16 7 36 94 81 95 66 82 50 24 51 67 96 83 97 37 52 17 38 53 84 68 25 54 85 69 39 86 70 55 12 4 
parent 84 added 98 and -1: 1 8 26 40 71 87 56 18 13 27 72 57 73 41 19 28 42 74 88 58 75 5 3 29 20 59 43 30 89 76 90 60 44 77 61 14 31 21 9 45 62 32 46 91 78 63 22 47 33 48 64 15 34 23 35 79 92 65 93 80 49 6 10 2 11 16 7 36 94 81 95 66 82 50 24 51 67 96 83 97 37 52 17 38 53 98 84 68 25 54 85 69 39 86 70 55 12 4 
parent 85 added -1 and 99: 1 8 26 40 71 87 56 18 13 27 72 57 73 41 19 28 42 74 88 58 75 5 3 29 20 59 43 30 89 76 90 60 44 77 61 14 31 21 9 45 62 32 46 91 78 63 22 47 33 48 64 15 34 23 35 79 92 65 93 80 49 6 10 2 11 16 7 36 94 81 95 66 82 50 24 51 67 96 83 97 37 52 17 38 53 98 84 68 25 54 85 99 69 39 86 70 55 12 4 
parent 86 added 100 and -1: 1 8 26 40 71 87 56 18 13 27 72 57 73 41 19 28 42 74 88 58 75 5 3 29 20 59 43 30 89 76 90 60 44 77 61 14 31 21 9 45 62 32 46 91 78 63 22 47 33 48 64 15 34 23 35 79 92 65 93 80 49 6 10 2 11 16 7 36 94 81 95 66 82 50 24 51 67 96 83 97 37 52 17 38 53 98 84 68 25 54 85 99 69 39 100 86 70 55 12 4 
parent 87 added -1 and -1: 1 8 26 40 71 87 56 18 13 27 72 57 73 41 19 28 42 74 88 58 75 5 3 29 20 59 43 30 89 76 90 60 44 77 61 14 31 21 9 45 62 32 46 91 78 63 22 47 33 48 64 15 34 23 35 79 92 65 93 80 49 6 10 2 11 16 7 36 94 81 95 66 82 50 24 51 67 96 83 97 37 52 17 38 53 98 84 68 25 54 85 99 69 39 100 86 70 55 12 4 
parent 88 added -1 and -1: 1 8 26 40 71 87 56 18 13 27 72 57 73 41 19 28 42 74 88 58 75 5 3 29 20 59 43 30 89 76 90 60 44 77 61 14 31 21 9 45 62 32 46 91 78 63 22 47 33 48 64 15 34 23 35 79 92 65 93 80 49 6 10 2 11 16 7 36 94 81 95 66 82 50 24 51 67 96 83 97 37 52 17 38 53 98 84 68 25 54 85 99 69 39 100 86 70 55 12 4 
parent 89 added -1 and -1: 1 8 26 40 71 87 56 18 13 27 72 57 73 41 19 28 42 74 88 58 75 5 3 29 20 59 43 30 89 76 90 60 44 77 61 14 31 21 9 45 62 32 46 91 78 63 22 47 33 48 64 15 34 23 35 79 92 65 93 80 49 6 10 2 11 16 7 36 94 81 95 66 82 50 24 51 67 96 83 97 37 52 17 38 53 98 84 68 25 54 85 99 69 39 100 86 70 55 12 4 
parent 90 added -1 and -1: 1 8 26 40 71 87 56 18 13 27 72 57 73 41 19 28 42 74 88 58 75 5 3 29 20 59 43 30 89 76 90 60 44 77 61 14 31 21 9 45 62 32 46 91 78 63 22 47 33 48 64 15 34 23 35 79 92 65 93 80 49 6 10 2 11 16 7 36 94 81 95 66 82 50 24 51 67 96 83 97 37 52 17 38 53 98 84 68 25 54 85 99 69 39 100 86 70 55 12 4 
parent 91 added -1 and -1: 1 8 26 40 71 87 56 18 13 27 72 57 73 41 19 28 42 74 88 58 75 5 3 29 20 59 43 30 89 76 90 60 44 77 61 14 31 21 9 45 62 32 46 91 78 63 22 47 33 48 64 15 34 23 35 79 92 65 93 80 49 6 10 2 11 16 7 36 94 81 95 66 82 50 24 51 67 96 83 97 37 52 17 38 53 98 84 68 25 54 85 99 69 39 100 86 70 55 12 4 
parent 92 added -1 and -1: 1 8 26 40 71 87 56 18 13 27 72 57 73 41 19 28 42 74 88 58 75 5 3 29 20 59 43 30 89 76 90 60 44 77 61 14 31 21 9 45 62 32 46 91 78 63 22 47 33 48 64 15 34 23 35 79 92 65 93 80 49 6 10 2 11 16 7 36 94 81 95 66 82 50 24 51 67 96 83 97 37 52 17 38 53 98 84 68 25 54 85 99 69 39 100 86 70 55 12 4 
parent 93 added -1 and -1: 1 8 26 40 71 87 56 18 13 27 72 57 73 41 19 28 42 74 88 58 75 5 3 29 20 59 43 30 89 76 90 60 44 77 61 14 31 21 9 45 62 32 46 91 78 63 22 47 33 48 64 15 34 23 35 79 92 65 93 80 49 6 10 2 11 16 7 36 94 81 95 66 82 50 24 51 67 96 83 97 37 52 17 38 53 98 84 68 25 54 85 99 69 39 100 86 70 55 12 4 
parent 94 added -1 and -1: 1 8 26 40 71 87 56 18 13 27 72 57 73 41 19 28 42 74 88 58 75 5 3 29 20 59 43 30 89 76 90 60 44 77 61 14 31 21 9 45 62 32 46 91 78 63 22 47 33 48 64 15 34 23 35 79 92 65 93 80 49 6 10 2 11 16 7 36 94 81 95 66 82 50 24 51 67 96 83 97 37 52 17 38 53 98 84 68 25 54 85 99 69 39 100 86 70 55 12 4 
parent 95 added -1 and -1: 1 8 26 40 71 87 56 18 13 27 72 57 73 41 19 28 42 74 88 58 75 5 3 29 20 59 43 30 89 76 90 60 44 77 61 14 31 21 9 45 62 32 46 91 78 63 22 47 33 48 64 15 34 23 35 79 92 65 93 80 49 6 10 2 11 16 7 36 94 81 95 66 82 50 24 51 67 96 83 97 37 52 17 38 53 98 84 68 25 54 85 99 69 39 100 86 70 55 12 4 
parent 96 added -1 and -1: 1 8 26 40 71 87 56 18 13 27 72 57 73 41 19 28 42 74 88 58 75 5 3 29 20 59 43 30 89 76 90 60 44 77 61 14 31 21 9 45 62 32 46 91 78 63 22 47 33 48 64 15 34 23 35 79 92 65 93 80 49 6 10 2 11 16 7 36 94 81 95 66 82 50 24 51 67 96 83 97 37 52 17 38 53 98 84 68 25 54 85 99 69 39 100 86 70 55 12 4 
parent 97 added -1 and -1: 1 8 26 40 71 87 56 18 13 27 72 57 73 41 19 28 42 74 88 58 75 5 3 29 20 59 43 30 89 76 90 60 44 77 61 14 31 21 9 45 62 32 46 91 78 63 22 47 33 48 64 15 34 23 35 79 92 65 93 80 49 6 10 2 11 16 7 36 94 81 95 66 82 50 24 51 67 96 83 97 37 52 17 38 53 98 84 68 25 54 85 99 69 39 100 86 70 55 12 4 
parent 98 added -1 and -1: 1 8 26 40 71 87 56 18 13 27 72 57 73 41 19 28 42 74 88 58 75 5 3 29 20 59 43 30 89 76 90 60 44 77 61 14 31 21 9 45 62 32 46 91 78 63 22 47 33 48 64 15 34 23 35 79 92 65 93 80 49 6 10 2 11 16 7 36 94 81 95 66 82 50 24 51 67 96 83 97 37 52 17 38 53 98 84 68 25 54 85 99 69 39 100 86 70 55 12 4 
parent 99 added -1 and -1: 1 8 26 40 71 87 56 18 13 27 72 57 73 41 19 28 42 74 88 58 75 5 3 29 20 59 43 30 89 76 90 60 44 77 61 14 31 21 9 45 62 32 46 91 78 63 22 47 33 48 64 15 34 23 35 79 92 65 93 80 49 6 10 2 11 16 7 36 94 81 95 66 82 50 24 51 67 96 83 97 37 52 17 38 53 98 84 68 25 54 85 99 69 39 100 86 70 55 12 4 
parent 100 added -1 and -1: 1 8 26 40 71 87 56 18 13 27 72 57 73 41 19 28 42 74 88 58 75 5 3 29 20 59 43 30 89 76 90 60 44 77 61 14 31 21 9 45 62 32 46 91 78 63 22 47 33 48 64 15 34 23 35 79 92 65 93 80 49 6 10 2 11 16 7 36 94 81 95 66 82 50 24 51 67 96 83 97 37 52 17 38 53 98 84 68 25 54 85 99 69 39 100 86 70 55 12 4 
depth: 8
post-swap:
1 8 26 40 71 87 56 18 13 27 72 57 73 41 19 28 42 74 88 58 75 5 3 29 20 59 43 30 89 76 90 60 44 77 61 14 31 21 9 45 62 32 46 91 78 63 22 47 33 48 64 15 34 23 35 79 92 65 93 80 49 6 10 2 11 16 7 36 94 81 95 66 82 50 24 51 67 96 83 97 37 52 17 38 53 98 84 68 25 54 85 99 69 39 100 86 70 55 12 4 
depth: 6
post-swap:
1 8 71 87 56 40 26 18 13 41 72 57 73 27 19 74 88 58 75 42 28 5 3 29 20 77 61 44 89 76 90 60 30 43 59 14 31 21 9 46 91 78 63 32 45 62 22 48 64 33 47 15 34 23 79 92 65 93 80 49 35 6 10 2 11 16 7 52 37 51 67 96 83 97 24 94 81 95 66 82 50 36 17 100 86 70 55 39 54 85 99 69 25 53 98 84 68 38 12 4 
depth: 2
post-swap:
1 12 36 94 81 95 66 82 50 24 51 67 96 83 97 37 52 17 38 53 98 84 68 25 54 85 99 69 39 100 86 70 55 7 16 11 4 2 26 40 71 87 56 18 13 27 72 57 73 41 19 28 42 74 88 58 75 8 5 3 45 62 32 46 91 78 63 22 47 33 48 64 15 34 23 35 79 92 65 93 80 49 9 29 20 59 43 30 89 76 90 60 44 77 61 14 31 21 6 10 
depth: 3
post-swap:
1 4 12 52 37 51 67 96 83 97 24 94 81 95 66 82 50 36 17 100 86 70 55 39 54 85 99 69 25 53 98 84 68 38 7 16 11 2 10 6 46 91 78 63 32 45 62 22 48 64 33 47 15 34 23 79 92 65 93 80 49 35 9 29 20 77 61 44 89 76 90 60 30 43 59 14 31 21 3 5 71 87 56 40 26 18 13 41 72 57 73 27 19 74 88 58 75 42 28 8 
depth: 5
post-swap:
1 4 12 100 86 70 55 39 54 85 99 69 25 53 98 84 68 38 17 52 37 51 67 96 83 97 24 94 81 95 66 82 50 36 7 16 11 2 10 6 79 92 65 93 80 49 35 23 34 15 48 64 33 47 22 46 91 78 63 32 45 62 9 21 31 14 77 61 44 89 76 90 60 30 43 59 20 29 3 5 74 88 58 75 42 28 19 41 72 57 73 27 13 18 71 87 56 40 26 8 
depth: 7
post-swap:
1 4 12 55 70 100 86 39 69 85 99 54 25 68 98 84 53 38 17 52 37 96 83 97 67 51 24 50 82 66 94 81 95 36 7 16 11 2 10 6 49 93 80 65 79 92 35 23 34 15 64 48 33 47 22 63 78 91 46 32 62 45 9 21 31 14 61 77 44 60 90 76 89 30 43 59 20 29 3 5 75 58 88 74 42 28 19 41 73 57 72 27 13 18 56 87 71 40 26 8 
depth: 7
post-swap:
1 4 12 100 86 70 55 39 54 85 99 69 25 53 98 84 68 38 17 52 37 51 67 96 83 97 24 94 81 95 66 82 50 36 7 16 11 2 10 6 79 92 65 93 80 49 35 23 34 15 48 64 33 47 22 46 91 78 63 32 45 62 9 21 31 14 77 61 44 89 76 90 60 30 43 59 20 29 3 5 74 88 58 75 42 28 19 41 72 57 73 27 13 18 71 87 56 40 26 8 
depth: 5
post-swap:
1 4 12 52 37 51 67 96 83 97 24 94 81 95 66 82 50 36 17 100 86 70 55 39 54 85 99 69 25 53 98 84 68 38 7 16 11 2 10 6 46 91 78 63 32 45 62 22 48 64 33 47 15 34 23 79 92 65 93 80 49 35 9 29 20 77 61 44 89 76 90 60 30 43 59 14 31 21 3 5 71 87 56 40 26 18 13 41 72 57 73 27 19 74 88 58 75 42 28 8 
depth: 7
post-swap:
1 4 12 52 37 96 83 97 67 51 24 50 82 66 94 81 95 36 17 55 70 100 86 39 69 85 99 54 25 68 98 84 53 38 7 16 11 2 10 6 63 78 91 46 32 62 45 22 64 48 33 47 15 34 23 49 93 80 65 79 92 35 9 29 20 61 77 44 60 90 76 89 30 43 59 14 31 21 3 5 56 87 71 40 26 18 13 41 73 57 72 27 19 75 58 88 74 42 28 8 
depth: 1
post-swap:
8 28 42 74 88 58 75 19 27 72 57 73 41 13 18 26 40 71 87 56 5 3 21 31 14 59 43 30 89 76 90 60 44 77 61 20 29 9 35 79 92 65 93 80 49 23 34 15 47 33 48 64 22 45 62 32 46 91 78 63 6 10 2 11 16 7 38 53 98 84 68 25 54 85 99 69 39 100 86 70 55 17 36 94 81 95 66 82 50 24 51 67 96 83 97 37 52 12 4 1 
depth: 5
post-swap:
8 26 40 71 87 56 18 13 27 72 57 73 41 19 28 42 74 88 58 75 5 3 29 20 59 43 30 89 76 90 60 44 77 61 14 31 21 9 45 62 32 46 91 78 63 22 47 33 48 64 15 34 23 35 79 92 65 93 80 49 6 10 2 11 16 7 36 94 81 95 66 82 50 24 51 67 96 83 97 37 52 17 38 53 98 84 68 25 54 85 99 69 39 100 86 70 55 12 4 1 
depth: 6
post-swap:
8 71 87 56 40 26 18 13 41 72 57 73 27 19 74 88 58 75 42 28 5 3 29 20 77 61 44 89 76 90 60 30 43 59 14 31 21 9 46 91 78 63 32 45 62 22 48 64 33 47 15 34 23 79 92 65 93 80 49 35 6 10 2 11 16 7 52 37 51 67 96 83 97 24 94 81 95 66 82 50 36 17 100 86 70 55 39 54 85 99 69 25 53 98 84 68 38 12 4 1 
depth: 2
post-swap:
12 36 94 81 95 66 82 50 24 51 67 96 83 97 37 52 17 38 53 98 84 68 25 54 85 99 69 39 100 86 70 55 7 16 11 4 2 26 40 71 87 56 18 13 27 72 57 73 41 19 28 42 74 88 58 75 8 5 3 45 62 32 46 91 78 63 22 47 33 48 64 15 34 23 35 79 92 65 93 80 49 9 29 20 59 43 30 89 76 90 60 44 77 61 14 31 21 6 10 1 
depth: 8
post-swap:
12 36 94 81 95 66 82 50 24 51 67 96 83 97 37 52 17 38 53 98 84 68 25 54 85 99 69 39 100 86 70 55 7 16 11 4 2 26 40 71 87 56 18 13 27 72 57 73 41 19 28 42 74 88 58 75 8 5 3 45 62 32 46 91 78 63 22 47 33 48 64 15 34 23 35 79 92 65 93 80 49 9 29 20 59 43 30 89 76 90 60 44 77 61 14 31 21 6 10 1 
depth: 4
post-swap:
11 16 7 36 94 81 95 66 82 50 24 51 67 96 83 97 37 52 17 38 53 98 84 68 25 54 85 99 69 39 100 86 70 55 12 4 2 8 26 40 71 87 56 18 13 27 72 57 73 41 19 28 42 74 88 58 75 5 3 29 20 59 43 30 89 76 90 60 44 77 61 14 31 21 9 45 62 32 46 91 78 63 22 47 33 48 64 15 34 23 35 79 92 65 93 80 49 6 10 1 
depth: 6
post-swap:
11 16 7 52 37 51 67 96 83 97 24 94 81 95 66 82 50 36 17 100 86 70 55 39 54 85 99 69 25 53 98 84 68 38 12 4 2 8 71 87 56 40 26 18 13 41 72 57 73 27 19 74 88 58 75 42 28 5 3 29 20 77 61 44 89 76 90 60 30 43 59 14 31 21 9 46 91 78 63 32 45 62 22 48 64 33 47 15 34 23 79 92 65 93 80 49 35 6 10 1 
depth: 8
post-swap:
11 16 7 52 37 51 67 96 83 97 24 94 81 95 66 82 50 36 17 100 86 70 55 39 54 85 99 69 25 53 98 84 68 38 12 4 2 8 71 87 56 40 26 18 13 41 72 57 73 27 19 74 88 58 75 42 28 5 3 29 20 77 61 44 89 76 90 60 30 43 59 14 31 21 9 46 91 78 63 32 45 62 22 48 64 33 47 15 34 23 79 92 65 93 80 49 35 6 10 1 
depth: 12
post-swap:
11 16 7 52 37 51 67 96 83 97 24 94 81 95 66 82 50 36 17 100 86 70 55 39 54 85 99 69 25 53 98 84 68 38 12 4 2 8 71 87 56 40 26 18 13 41 72 57 73 27 19 74 88 58 75 42 28 5 3 29 20 77 61 44 89 76 90 60 30 43 59 14 31 21 9 46 91 78 63 32 45 62 22 48 64 33 47 15 34 23 79 92 65 93 80 49 35 6 10 1 
depth: 10
post-swap:
11 16 7 52 37 51 67 96 83 97 24 94 81 95 66 82 50 36 17 100 86 70 55 39 54 85 99 69 25 53 98 84 68 38 12 4 2 8 71 87 56 40 26 18 13 41 72 57 73 27 19 74 88 58 75 42 28 5 3 29 20 77 61 44 89 76 90 60 30 43 59 14 31 21 9 46 91 78 63 32 45 62 22 48 64 33 47 15 34 23 79 92 65 93 80 49 35 6 10 1 
depth: 6
post-swap:
11 16 7 36 94 81 95 66 82 50 24 51 67 96 83 97 37 52 17 38 53 98 84 68 25 54 85 99 69 39 100 86 70 55 12 4 2 8 26 40 71 87 56 18 13 27 72 57 73 41 19 28 42 74 88 58 75 5 3 29 20 59 43 30 89 76 90 60 44 77 61 14 31 21 9 45 62 32 46 91 78 63 22 47 33 48 64 15 34 23 35 79 92 65 93 80 49 6 10 1 
depth: 12
post-swap:
11 16 7 36 94 81 95 66 82 50 24 51 67 96 83 97 37 52 17 38 53 98 84 68 25 54 85 99 69 39 100 86 70 55 12 4 2 8 26 40 71 87 56 18 13 27 72 57 73 41 19 28 42 74 88 58 75 5 3 29 20 59 43 30 89 76 90 60 44 77 61 14 31 21 9 45 62 32 46 91 78 63 22 47 33 48 64 15 34 23 35 79 92 65 93 80 49 6 10 1 
depth: 11
post-swap:
11 16 7 36 94 81 95 66 82 50 24 51 67 96 83 97 37 52 17 38 53 98 84 68 25 54 85 99 69 39 100 86 70 55 12 4 2 8 26 40 71 87 56 18 13 27 72 57 73 41 19 28 42 74 88 58 75 5 3 29 20 59 43 30 89 76 90 60 44 77 61 14 31 21 9 45 62 32 46 91 78 63 22 47 33 48 64 15 34 23 35 79 92 65 93 80 49 6 10 1 
depth: 12
post-swap:
11 16 7 36 94 81 95 66 82 50 24 51 67 96 83 97 37 52 17 38 53 98 84 68 25 54 85 99 69 39 100 86 70 55 12 4 2 8 26 40 71 87 56 18 13 27 72 57 73 41 19 28 42 74 88 58 75 5 3 29 20 59 43 30 89 76 90 60 44 77 61 14 31 21 9 45 62 32 46 91 78 63 22 47 33 48 64 15 34 23 35 79 92 65 93 80 49 6 10 1 
depth: 8
post-swap:
11 16 7 36 94 81 95 66 82 50 24 51 67 96 83 97 37 52 17 38 53 98 84 68 25 54 85 99 69 39 100 86 70 55 12 4 2 8 26 40 71 87 56 18 13 27 72 57 73 41 19 28 42 74 88 58 75 5 3 29 20 59 43 30 89 76 90 60 44 77 61 14 31 21 9 45 62 32 46 91 78 63 22 47 33 48 64 15 34 23 35 79 92 65 93 80 49 6 10 1 
depth: 1
post-swap:
1 10 6 49 93 80 65 79 92 35 23 34 15 64 48 33 47 22 63 78 91 46 32 62 45 9 21 31 14 61 77 44 60 90 76 89 30 43 59 20 29 3 5 75 58 88 74 42 28 19 41 73 57 72 27 13 18 56 87 71 40 26 8 2 4 12 55 70 100 86 39 69 85 99 54 25 68 98 84 53 38 17 52 37 96 83 97 67 51 24 50 82 66 94 81 95 36 7 16 11 
depth: 7
post-swap:
1 10 6 79 92 65 93 80 49 35 23 34 15 48 64 33 47 22 46 91 78 63 32 45 62 9 21 31 14 77 61 44 89 76 90 60 30 43 59 20 29 3 5 74 88 58 75 42 28 19 41 72 57 73 27 13 18 71 87 56 40 26 8 2 4 12 100 86 70 55 39 54 85 99 69 25 53 98 84 68 38 17 52 37 51 67 96 83 97 24 94 81 95 66 82 50 36 7 16 11 
depth: 9
post-swap:
1 10 6 79 92 65 93 80 49 35 23 34 15 48 64 33 47 22 46 91 78 63 32 45 62 9 21 31 14 77 61 44 89 76 90 60 30 43 59 20 29 3 5 74 88 58 75 42 28 19 41 72 57 73 27 13 18 71 87 56 40 26 8 2 4 12 100 86 70 55 39 54 85 99 69 25 53 98 84 68 38 17 52 37 51 67 96 83 97 24 94 81 95 66 82 50 36 7 16 11 
depth: 3
post-swap:
1 28 42 74 88 58 75 19 27 72 57 73 41 13 18 26 40 71 87 56 8 5 3 35 79 92 65 93 80 49 23 34 15 47 33 48 64 22 45 62 32 46 91 78 63 9 21 31 14 59 43 30 89 76 90 60 44 77 61 20 29 6 10 2 12 38 53 98 84 68 25 54 85 99 69 39 100 86 70 55 17 36 94 81 95 66 82 50 24 51 67 96 83 97 37 52 7 16 11 4 
depth: 8
post-swap:
1 28 42 74 88 58 75 19 27 72 57 73 41 13 18 26 40 71 87 56 8 5 3 35 79 92 65 93 80 49 23 34 15 47 33 48 64 22 45 62 32 46 91 78 63 9 21 31 14 59 43 30 89 76 90 60 44 77 61 20 29 6 10 2 12 38 53 98 84 68 25 54 85 99 69 39 100 86 70 55 17 36 94 81 95 66 82 50 24 51 67 96 83 97 37 52 7 16 11 4 
depth: 7
post-swap:
1 28 42 75 58 88 74 19 27 73 57 72 41 13 18 26 40 56 87 71 8 5 3 35 49 93 80 65 79 92 23 34 15 47 33 64 48 22 62 45 32 63 78 91 46 9 21 31 14 59 43 30 60 90 76 89 44 61 77 20 29 6 10 2 12 38 68 98 84 53 25 69 85 99 54 39 55 70 100 86 17 36 50 82 66 94 81 95 24 96 83 97 67 51 37 52 7 16 11 4 
depth: 2
post-swap:
1 11 16 7 55 70 100 86 39 69 85 99 54 25 68 98 84 53 38 17 52 37 96 83 97 67 51 24 50 82 66 94 81 95 36 12 4 2 8 75 58 88 74 42 28 19 41 73 57 72 27 13 18 56 87 71 40 26 5 3 21 31 14 61 77 44 60 90 76 89 30 43 59 20 29 9 49 93 80 65 79 92 35 23 34 15 64 48 33 47 22 63 78 91 46 32 62 45 6 10 
depth: 7
post-swap:
1 11 16 7 100 86 70 55 39 54 85 99 69 25 53 98 84 68 38 17 52 37 51 67 96 83 97 24 94 81 95 66 82 50 36 12 4 2 8 74 88 58 75 42 28 19 41 72 57 73 27 13 18 71 87 56 40 26 5 3 21 31 14 77 61 44 89 76 90 60 30 43 59 20 29 9 79 92 65 93 80 49 35 23 34 15 48 64 33 47 22 46 91 78 63 32 45 62 6 10 
depth: 8
post-swap:
1 11 16 7 100 86 70 55 39 54 85 99 69 25 53 98 84 68 38 17 52 37 51 67 96 83 97 24 94 81 95 66 82 50 36 12 4 2 8 74 88 58 75 42 28 19 41 72 57 73 27 13 18 71 87 56 40 26 5 3 21 31 14 77 61 44 89 76 90 60 30 43 59 20 29 9 79 92 65 93 80 49 35 23 34 15 48 64 33 47 22 46 91 78 63 32 45 62 6 10 
depth: 3
post-swap:
1 4 11 16 7 38 53 98 84 68 25 54 85 99 69 39 100 86 70 55 17 36 94 81 95 66 82 50 24 51 67 96 83 97 37 52 12 2 10 6 21 31 14 59 43 30 89 76 90 60 44 77 61 20 29 9 35 79 92 65 93 80 49 23 34 15 47 33 48 64 22 45 62 32 46 91 78 63 3 5 8 28 42 74 88 58 75 19 27 72 57 73 41 13 18 26 40 71 87 56 
depth: 8
post-swap:
1 4 11 16 7 38 53 98 84 68 25 54 85 99 69 39 100 86 70 55 17 36 94 81 95 66 82 50 24 51 67 96 83 97 37 52 12 2 10 6 21 31 14 59 43 30 89 76 90 60 44 77 61 20 29 9 35 79 92 65 93 80 49 23 34 15 47 33 48 64 22 45 62 32 46 91 78 63 3 5 8 28 42 74 88 58 75 19 27 72 57 73 41 13 18 26 40 71 87 56 
depth: 9
post-swap:
1 4 11 16 7 38 53 98 84 68 25 54 85 99 69 39 100 86 70 55 17 36 94 81 95 66 82 50 24 51 67 96 83 97 37 52 12 2 10 6 21 31 14 59 43 30 89 76 90 60 44 77 61 20 29 9 35 79 92 65 93 80 49 23 34 15 47 33 48 64 22 45 62 32 46 91 78 63 3 5 8 28 42 74 88 58 75 19 27 72 57 73 41 13 18 26 40 71 87 56 
depth: 7
post-swap:
1 4 11 16 7 38 68 98 84 53 25 69 85 99 54 39 55 70 100 86 17 36 50 82 66 94 81 95 24 96 83 97 67 51 37 52 12 2 10 6 21 31 14 59 43 30 60 90 76 89 44 61 77 20 29 9 35 49 93 80 65 79 92 23 34 15 47 33 64 48 22 62 45 32 63 78 91 46 3 5 8 28 42 75 58 88 74 19 27 73 57 72 41 13 18 26 40 56 87 71 
depth: 9
post-swap:
1 4 11 16 7 38 68 98 84 53 25 69 85 99 54 39 55 70 100 86 17 36 50 82 66 94 81 95 24 96 83 97 67 51 37 52 12 2 10 6 21 31 14 59 43 30 60 90 76 89 44 61 77 20 29 9 35 49 93 80 65 79 92 23 34 15 47 33 64 48 22 62 45 32 63 78 91 46 3 5 8 28 42 75 58 88 74 19 27 73 57 72 41 13 18 26 40 56 87 71 
depth: 9
post-swap:
1 4 11 16 7 38 68 98 84 53 25 69 85 99 54 39 55 70 100 86 17 36 50 82 66 94 81 95 24 96 83 97 67 51 37 52 12 2 10 6 21 31 14 59 43 30 60 90 76 89 44 61 77 20 29 9 35 49 93 80 65 79 92 23 34 15 47 33 64 48 22 62 45 32 63 78 91 46 3 5 8 28 42 75 58 88 74 19 27 73 57 72 41 13 18 26 40 56 87 71 
depth: 8
post-swap:
1 4 11 16 7 38 68 98 84 53 25 69 85 99 54 39 55 70 100 86 17 36 50 82 66 94 81 95 24 96 83 97 67 51 37 52 12 2 10 6 21 31 14 59 43 30 60 90 76 89 44 61 77 20 29 9 35 49 93 80 65 79 92 23 34 15 47 33 64 48 22 62 45 32 63 78 91 46 3 5 8 28 42 75 58 88 74 19 27 73 57 72 41 13 18 26 40 56 87 71 
depth: 11
post-swap:
1 4 11 16 7 38 68 98 84 53 25 69 85 99 54 39 55 70 100 86 17 36 50 82 66 94 81 95 24 96 83 97 67 51 37 52 12 2 10 6 21 31 14 59 43 30 60 90 76 89 44 61 77 20 29 9 35 49 93 80 65 79 92 23 34 15 47 33 64 48 22 62 45 32 63 78 91 46 3 5 8 28 42 75 58 88 74 19 27 73 57 72 41 13 18 26 40 56 87 71 
depth: 10
post-swap:
1 4 11 16 7 38 68 98 84 53 25 69 85 99 54 39 55 70 100 86 17 36 50 82 66 94 81 95 24 96 83 97 67 51 37 52 12 2 10 6 21 31 14 59 43 30 60 90 76 89 44 61 77 20 29 9 35 49 93 80 65 79 92 23 34 15 47 33 64 48 22 62 45 32 63 78 91 46 3 5 8 28 42 75 58 88 74 19 27 73 57 72 41 13 18 26 40 56 87 71 
depth: 4
post-swap:
1 4 12 38 68 98 84 53 25 69 85 99 54 39 55 70 100 86 17 36 50 82 66 94 81 95 24 96 83 97 67 51 37 52 7 16 11 2 10 6 35 49 93 80 65 79 92 23 34 15 47 33 64 48 22 62 45 32 63 78 91 46 9 21 31 14 59 43 30 60 90 76 89 44 61 77 20 29 3 5 28 42 75 58 88 74 19 27 73 57 72 41 13 18 26 40 56 87 71 8 
depth: 12
post-swap:
1 4 12 38 68 98 84 53 25 69 85 99 54 39 55 70 100 86 17 36 50 82 66 94 81 95 24 96 83 97 67 51 37 52 7 16 11 2 10 6 35 49 93 80 65 79 92 23 34 15 47 33 64 48 22 62 45 32 63 78 91 46 9 21 31 14 59 43 30 60 90 76 89 44 61 77 20 29 3 5 28 42 75 58 88 74 19 27 73 57 72 41 13 18 26 40 56 87 71 8 
depth: 4
post-swap:
1 4 11 16 7 38 68 98 84 53 25 69 85 99 54 39 55 70 100 86 17 36 50 82 66 94 81 95 24 96 83 97 67 51 37 52 12 2 10 6 21 31 14 59 43 30 60 90 76 89 44 61 77 20 29 9 35 49 93 80 65 79 92 23 34 15 47 33 64 48 22 62 45 32 63 78 91 46 3 5 8 28 42 75 58 88 74 19 27 73 57 72 41 13 18 26 40 56 87 71 
